Frequency (Hz)	10	20	30	40	50	60	70	80	90	100
0.00000e+00	 0	 0	 0	 0	 0	 -180	 -180	 -180	 0	 -180
1.95312e+01	 79.5476	 79.5476	 79.5476	 79.5476	 79.5476	 -131.476	 -340.598	 -4.45991	 171.443	 -23.76
3.90625e+01	 137.464	 137.464	 137.464	 137.464	 137.464	 -19.348	 -551.436	 195.371	 336.312	 132.632
5.85938e+01	 215.55	 215.55	 215.55	 215.55	 215.55	 105.462	 -759.422	 378.58	 496.207	 289.174
7.81250e+01	 345.172	 345.172	 345.172	 345.172	 345.172	 120.228	 -914.714	 548.221	 652.29	 446.239
9.76562e+01	 601.98	 601.98	 601.98	 601.98	 601.98	 239.69	 -1094.23	 731.587	 797.47	 604.871
1.17188e+02	 779.29	 779.29	 779.29	 779.29	 779.29	 403.939	 -1307.51	 921.487	 932.169	 766.015
1.36719e+02	 949.781	 949.781	 949.781	 949.781	 949.781	 602.678	 -1512.45	 1092.47	 1075.63	 929.693
1.56250e+02	 1155.67	 1155.67	 1155.67	 1155.67	 1155.67	 799.641	 -1684.02	 1263.42	 1230.31	 1095.22
1.75781e+02	 1351.94	 1351.94	 1351.94	 1351.94	 1351.94	 980.674	 -1860.33	 1452.33	 1393.01	 1262.07
1.95312e+02	 1534.53	 1534.53	 1534.53	 1534.53	 1534.53	 1173.09	 -2053.19	 1637.18	 1560.37	 1430.09
2.14844e+02	 1732.98	 1732.98	 1732.98	 1732.98	 1732.98	 1378.34	 -2238.4	 1813.32	 1728.88	 1599.08
2.34375e+02	 1931.1	 1931.1	 1931.1	 1931.1	 1931.1	 1568.68	 -2408.29	 2000.73	 1897.82	 1768.65
2.53906e+02	 2117.4	 2117.4	 2117.4	 2117.4	 2117.4	 1758.85	 -2588.26	 2191.41	 2068.55	 1938.55
2.73438e+02	 2313.41	 2313.41	 2313.41	 2313.41	 2313.41	 1957.94	 -2778.49	 2370.88	 2241.15	 2108.81
2.92969e+02	 2512.3	 2512.3	 2512.3	 2512.3	 2512.3	 2148.34	 -2962.58	 2549.06	 2413.57	 2279.46
3.12500e+02	 2700.27	 2700.27	 2700.27	 2700.27	 2700.27	 2336.38	 -3138.92	 2728.8	 2584.77	 2450.29
3.32031e+02	 2894.45	 2894.45	 2894.45	 2894.45	 2894.45	 2536.66	 -3338.62	 2904.45	 2755.45	 2621.19
3.51562e+02	 3093.1	 3093.1	 3093.1	 3093.1	 3093.1	 2733.45	 -3575.2	 3076.38	 2925.89	 2792.23
3.71094e+02	 3282.6	 3282.6	 3282.6	 3282.6	 3282.6	 2923.12	 -3804.71	 3248.1	 3095.51	 2963.44
3.90625e+02	 3475.2	 3475.2	 3475.2	 3475.2	 3475.2	 3118.05	 -3999.62	 3419.5	 3264.48	 3134.66
4.10156e+02	 3672.41	 3672.41	 3672.41	 3672.41	 3672.41	 3311.39	 -4183.95	 3588.31	 3433.99	 3305.8
4.29688e+02	 3863.14	 3863.14	 3863.14	 3863.14	 3863.14	 3500.04	 -4371.61	 3754.57	 3604.7	 3476.9
4.49219e+02	 4054.43	 4054.43	 4054.43	 4054.43	 4054.43	 3694.09	 -4559.88	 3919.7	 3775.96	 3647.89
4.68750e+02	 4249.51	 4249.51	 4249.51	 4249.51	 4249.51	 3890.65	 -4745.75	 4083.89	 3946.95	 3818.51
4.88281e+02	 4440.61	 4440.61	 4440.61	 4440.61	 4440.61	 4081.5	 -4931.7	 4246.5	 4117.34	 3988.5
5.07812e+02	 4630.52	 4630.52	 4630.52	 4630.52	 4630.52	 4271.84	 -5121.09	 4408.1	 4286.48	 4157.72
5.27344e+02	 4823.01	 4823.01	 4823.01	 4823.01	 4823.01	 4462.87	 -5313.82	 4570.05	 4453.39	 4325.92
5.46875e+02	 5013.21	 5013.21	 5013.21	 5013.21	 5013.21	 4651.21	 -5510.17	 4732.81	 4617.71	 4492.58
5.66406e+02	 5201.23	 5201.23	 5201.23	 5201.23	 5201.23	 4840.09	 -5716.9	 4895.67	 4779.75	 4657.12
5.85938e+02	 5390.22	 5390.22	 5390.22	 5390.22	 5390.22	 5031.08	 -5950.64	 5057.99	 4939.67	 4819.01
6.05469e+02	 5577.78	 5577.78	 5577.78	 5577.78	 5577.78	 5219.1	 -6186.9	 5219.67	 5096.94	 4977.46
6.25000e+02	 5762.52	 5762.52	 5762.52	 5762.52	 5762.52	 5403.31	 -6399.82	 5380.49	 5250.42	 5131.3
6.44531e+02	 5946.25	 5946.25	 5946.25	 5946.25	 5946.25	 5586.04	 -6603.62	 5539.86	 5398.51	 5280.01
6.64062e+02	 6128.26	 6128.26	 6128.26	 6128.26	 6128.26	 5767.03	 -6804.99	 5697.27	 5538.43	 5425.13
6.83594e+02	 6306.67	 6306.67	 6306.67	 6306.67	 6306.67	 5945.65	 -7006.64	 5852.93	 5666	 5569.55
7.03125e+02	 6481.76	 6481.76	 6481.76	 6481.76	 6481.76	 6122.01	 -7209.47	 6008.01	 5785.26	 5715.41
7.22656e+02	 6653.51	 6653.51	 6653.51	 6653.51	 6653.51	 6294.58	 -7413.18	 6165.85	 5913.06	 5863.46
7.42188e+02	 6820.85	 6820.85	 6820.85	 6820.85	 6820.85	 6461.61	 -7616.64	 6344.47	 6053.04	 6013.81
7.61719e+02	 6983.48	 6983.48	 6983.48	 6983.48	 6983.48	 6623.47	 -7818.1	 6589.1	 6201.95	 6166.55
7.81250e+02	 7142.6	 7142.6	 7142.6	 7142.6	 7142.6	 6782.01	 -8014.94	 6765.47	 6359.21	 6322.11
8.00781e+02	 7299.92	 7299.92	 7299.92	 7299.92	 7299.92	 6939.17	 -8204.82	 6928.28	 6526.44	 6481.54
8.20312e+02	 7457.26	 7457.26	 7457.26	 7457.26	 7457.26	 7096.82	 -8389.48	 7093.56	 6704.97	 6647.74
8.39844e+02	 7616.5	 7616.5	 7616.5	 7616.5	 7616.5	 7256.74	 -8575.17	 7264.92	 6890.6	 6827.11
8.59375e+02	 7779.5	 7779.5	 7779.5	 7779.5	 7779.5	 7420.39	 -8763.56	 7440.37	 7075.58	 7025.59
8.78906e+02	 7947.41	 7947.41	 7947.41	 7947.41	 7947.41	 7588.25	 -8951.71	 7616.5	 7256.5	 7226.48
8.98438e+02	 8119.43	 8119.43	 8119.43	 8119.43	 8119.43	 7759.28	 -9138.02	 7794.05	 7435.52	 7421.48
9.17969e+02	 8294.38	 8294.38	 8294.38	 8294.38	 8294.38	 7933.35	 -9323.66	 7973.97	 7617.35	 7612.56
9.37500e+02	 8473.26	 8473.26	 8473.26	 8473.26	 8473.26	 8112.47	 -9509.23	 8153.42	 7801.75	 7797.98
9.57031e+02	 8656.17	 8656.17	 8656.17	 8656.17	 8656.17	 8296.19	 -9692.88	 8332.3	 7984.21	 7982.95
9.76562e+02	 8839.24	 8839.24	 8839.24	 8839.24	 8839.24	 8479.77	 -9874.24	 8513.9	 8166.93	 8170.5
9.96094e+02	 9023.39	 9023.39	 9023.39	 9023.39	 9023.39	 8664.58	 -10056.1	 8696.64	 8353.82	 8355.96
1.01562e+03	 9212.99	 9212.99	 9212.99	 9212.99	 9212.99	 8853.64	 -10237.7	 8876.9	 8538.96	 8539.58
1.03516e+03	 9401.71	 9401.71	 9401.71	 9401.71	 9401.71	 9040.36	 -10414.2	 9058.55	 8720.48	 8726.75
1.05469e+03	 9587.21	 9587.21	 9587.21	 9587.21	 9587.21	 9225.9	 -10587.5	 9244.44	 8906.46	 8914.62
1.07422e+03	 9780.12	 9780.12	 9780.12	 9780.12	 9780.12	 9420.88	 -10763.3	 9427.8	 9095.55	 9098.84
1.09375e+03	 9974.1	 9974.1	 9974.1	 9974.1	 9974.1	 9614.3	 -10929.5	 9609.18	 9278.45	 9285.66
1.11328e+03	 10159.5	 10159.5	 10159.5	 10159.5	 10159.5	 9799.49	 -11081	 9797.51	 9462.8	 9476.74
1.13281e+03	 10352.6	 10352.6	 10352.6	 10352.6	 10352.6	 9994.18	 -11246.6	 9987.05	 9656.25	 9663.89
1.15234e+03	 10552	 10552	 10552	 10552	 10552	 10191.4	 -11405.5	 10169.4	 9843.69	 9851
1.17188e+03	 10737.5	 10737.5	 10737.5	 10737.5	 10737.5	 10375.6	 -11560.5	 10358.8	 10026.3	 10045
1.19141e+03	 10928.3	 10928.3	 10928.3	 10928.3	 10928.3	 10569.2	 -11736.3	 10558.2	 10221.1	 10236.1
1.21094e+03	 11133	 11133	 11133	 11133	 11133	 10773.9	 -11908.3	 10743.3	 10415.3	 10423.8
1.23047e+03	 11319.4	 11319.4	 11319.4	 11319.4	 11319.4	 10958	 -12067.7	 10932.4	 10596.8	 10619.1
1.25000e+03	 11506	 11506	 11506	 11506	 11506	 11147	 -12242.9	 11147.7	 10789.4	 10814.1
1.26953e+03	 11716.2	 11716.2	 11716.2	 11716.2	 11716.2	 11357.3	 -12421.3	 11334.8	 10992.6	 11001.6
1.28906e+03	 11904.2	 11904.2	 11904.2	 11904.2	 11904.2	 11541.8	 -12577.7	 11522.9	 11173.5	 11196.3
1.30859e+03	 12084.9	 12084.9	 12084.9	 12084.9	 12084.9	 11724.4	 -12745.3	 11755	 11359.6	 11394.4
1.32812e+03	 12300.3	 12300.3	 12300.3	 12300.3	 12300.3	 11943.4	 -12928	 11935.7	 11574.1	 11581.2
1.34766e+03	 12491.7	 12491.7	 12491.7	 12491.7	 12491.7	 12129.6	 -13078.4	 12119.1	 11755.6	 11773.3
1.36719e+03	 12665.6	 12665.6	 12665.6	 12665.6	 12665.6	 12304.3	 -13233.2	 12352.2	 11931.4	 11974.7
1.38672e+03	 12883.6	 12883.6	 12883.6	 12883.6	 12883.6	 12528.5	 -13420.1	 12528.4	 12159.2	 12161.5
1.40625e+03	 13081.6	 13081.6	 13081.6	 13081.6	 13081.6	 12718.9	 -13566.6	 12702.8	 12343.6	 12349.6
1.42578e+03	 13248.9	 13248.9	 13248.9	 13248.9	 13248.9	 12885.7	 -13714.5	 12935.3	 12508	 12554.3
1.44531e+03	 13463.1	 13463.1	 13463.1	 13463.1	 13463.1	 13111.7	 -13907.4	 13114.4	 12749.9	 12742.9
1.46484e+03	 13673.5	 13673.5	 13673.5	 13673.5	 13673.5	 13311.2	 -14065.7	 13280.5	 12938.5	 12926.4
1.48438e+03	 13834.9	 13834.9	 13834.9	 13834.9	 13834.9	 13471.1	 -14204	 13511.8	 13092.1	 13133.7
1.50391e+03	 14035	 14035	 14035	 14035	 14035	 13686.7	 -14400.7	 13700.2	 13351.9	 13326.4
1.52344e+03	 14267.5	 14267.5	 14267.5	 14267.5	 14267.5	 13904.9	 -14579.4	 13859.2	 13539.3	 13505.1
1.54297e+03	 14423.3	 14423.3	 14423.3	 14423.3	 14423.3	 14058.5	 -14695.6	 14081.8	 13683.7	 13713.2
1.56250e+03	 14598.6	 14598.6	 14598.6	 14598.6	 14598.6	 14245.2	 -14894.2	 14290	 13982.5	 13913.2
1.58203e+03	 14863.9	 14863.9	 14863.9	 14863.9	 14863.9	 14501.5	 -15092.3	 14442	 14140.9	 14086.9
1.60156e+03	 15014	 15014	 15014	 15014	 15014	 14648.9	 -15179	 14631.6	 14279.1	 14292.4
1.62109e+03	 15165.7	 15165.7	 15165.7	 15165.7	 15165.7	 14801.2	 -15382	 14886	 14361.7	 14504.1
1.64062e+03	 15463.3	 15463.3	 15463.3	 15463.3	 15463.3	 15100.4	 -15594	 15030.1	 14379.2	 14672.8
1.66016e+03	 15606.6	 15606.6	 15606.6	 15606.6	 15606.6	 15241.1	 -15652	 15169	 14513.2	 14870.2
1.67969e+03	 15744.1	 15744.1	 15744.1	 15744.1	 15744.1	 15375	 -15864.8	 15487.9	 14623.9	 15099.2
1.69922e+03	 15706.4	 15706.4	 15706.4	 15706.4	 15706.4	 15342.8	 -16084.9	 15623.2	 14616.8	 15262.5
1.71875e+03	 15841	 15841	 15841	 15841	 15841	 15475.5	 -16125.3	 15741.2	 14746	 15446
1.73828e+03	 15970.5	 15970.5	 15970.5	 15970.5	 15970.5	 15601.3	 -15988.2	 15732.2	 14859	 15697.1
1.75781e+03	 15954.7	 15954.7	 15954.7	 15954.7	 15954.7	 15588.8	 -15853.1	 15859.5	 14858.7	 15855.1
1.77734e+03	 16076.8	 16076.8	 16076.8	 16076.8	 16076.8	 15711.2	 -15870.9	 15972.3	 14980.3	 16021.9
1.79688e+03	 16201.2	 16201.2	 16201.2	 16201.2	 16201.2	 15832.3	 -15752.5	 15974.4	 15092	 16296.3
1.81641e+03	 16209.4	 16209.4	 16209.4	 16209.4	 16209.4	 15839.9	 -15621.8	 16096.2	 15106.6	 16449
1.83594e+03	 16314.1	 16314.1	 16314.1	 16314.1	 16314.1	 15948.4	 -15576	 16210.1	 15217.2	 16602
1.85547e+03	 16434.5	 16434.5	 16434.5	 16434.5	 16434.5	 16066.2	 -15514.2	 16215.3	 15327.3	 16896.4
1.87500e+03	 16468.3	 16468.3	 16468.3	 16468.3	 16468.3	 16094.7	 -15388.8	 16331.3	 15356.8	 17043.8
1.89453e+03	 16552.6	 16552.6	 16552.6	 16552.6	 16552.6	 16186.7	 -15310.2	 16446.3	 15455.8	 17187
1.91406e+03	 16669.3	 16669.3	 16669.3	 16669.3	 16669.3	 16301.4	 -15272.3	 16461.2	 15564.3	 17498.1
1.93359e+03	 16725	 16725	 16725	 16725	 16725	 16350	 -15152.8	 16566.2	 15608	 17639.2
1.95312e+03	 16792.4	 16792.4	 16792.4	 16792.4	 16792.4	 16426.4	 -15064.5	 16679.5	 15695.5	 17775.8
1.97266e+03	 16905.1	 16905.1	 16905.1	 16905.1	 16905.1	 16537.7	 -15029	 16715.4	 15802.1	 17743.2
1.99219e+03	 16975.9	 16975.9	 16975.9	 16975.9	 16975.9	 16601.9	 -14915	 16803.9	 15858.2	 17875.4
2.01172e+03	 17033.6	 17033.6	 17033.6	 17033.6	 17033.6	 16667.3	 -14820.5	 16913.5	 15936.1	 18007
2.03125e+03	 17141.9	 17141.9	 17141.9	 17141.9	 17141.9	 16774.8	 -14785.6	 16967	 16040.5	 17994.6
2.05078e+03	 17222	 17222	 17222	 17222	 17222	 16849.7	 -14677.3	 17044.3	 16107.1	 18112.2
2.07031e+03	 17276.1	 17276.1	 17276.1	 17276.1	 17276.1	 16909.5	 -14578.2	 17150	 16177.5	 18239.7
2.08984e+03	 17379.5	 17379.5	 17379.5	 17379.5	 17379.5	 17012.6	 -14539.7	 17213.8	 16279.1	 18255.8
2.10938e+03	 17465.3	 17465.3	 17465.3	 17465.3	 17465.3	 17094.4	 -14439.6	 17285.1	 16354.1	 18349.7
2.12891e+03	 17519.7	 17519.7	 17519.7	 17519.7	 17519.7	 17152.6	 -14339.2	 17387.8	 16420	 18473.5
2.14844e+03	 17618	 17618	 17618	 17618	 17618	 17251.2	 -14290.7	 17459	 16518	 18521.8
2.16797e+03	 17707	 17707	 17707	 17707	 17707	 17337.2	 -14199.7	 17526	 16598.9	 18588.3
2.18750e+03	 17763.9	 17763.9	 17763.9	 17763.9	 17763.9	 17396.5	 -14100.2	 17626.1	 16663.5	 18708.2
2.20703e+03	 17857.1	 17857.1	 17857.1	 17857.1	 17857.1	 17490.5	 -14043.4	 17703.3	 16757.6	 18779.2
2.22656e+03	 17948	 17948	 17948	 17948	 17948	 17579.1	 -13958.7	 17767.5	 16842.1	 18828.3
2.24609e+03	 18008.5	 18008.5	 18008.5	 18008.5	 18008.5	 17640.8	 -13859.9	 17864.4	 16907.5	 18943.7
2.26562e+03	 18096.8	 18096.8	 18096.8	 18096.8	 18096.8	 17730.4	 -13796.7	 17946.3	 16997.8	 19027.4
2.28516e+03	 18188.6	 18188.6	 18188.6	 18188.6	 18188.6	 17820.3	 -13717.9	 18009.8	 17084.3	 19069.8
2.30469e+03	 18253.1	 18253.1	 18253.1	 18253.1	 18253.1	 17885.2	 -13619.9	 18103.2	 17151.8	 19180.2
2.32422e+03	 18337.1	 18337.1	 18337.1	 18337.1	 18337.1	 17970.8	 -13549.9	 18188.2	 17238.6	 19270.7
2.34375e+03	 18429	 18429	 18429	 18429	 18429	 18061.3	 -13476.2	 18252.7	 17326.1	 19312.9
2.36328e+03	 18497.4	 18497.4	 18497.4	 18497.4	 18497.4	 18129.6	 -13380.1	 18342.5	 17395.9	 19417.6
2.38281e+03	 18577.9	 18577.9	 18577.9	 18577.9	 18577.9	 18211.6	 -13304.5	 18429.4	 17479.9	 19511.7
2.40234e+03	 18669.3	 18669.3	 18669.3	 18669.3	 18669.3	 18302.1	 -13233.5	 18495.8	 17567.8	 19557.3
2.42188e+03	 18741.4	 18741.4	 18741.4	 18741.4	 18741.4	 18373.6	 -13139.8	 18582.3	 17639.9	 19655.7
2.44141e+03	 18819.2	 18819.2	 18819.2	 18819.2	 18819.2	 18452.9	 -13060.4	 18670.2	 17721.5	 19751.8
2.46094e+03	 18909.7	 18909.7	 18909.7	 18909.7	 18909.7	 18542.8	 -12990.5	 18738.9	 17809.3	 19802.5
2.48047e+03	 18984.9	 18984.9	 18984.9	 18984.9	 18984.9	 18617.3	 -12899.2	 18822.6	 17883.6	 19894.6
2.50000e+03	 19060.8	 19060.8	 19060.8	 19060.8	 19060.8	 18694.6	 -12816.9	 18910.8	 17963.3	 19991.5
2.51953e+03	 19150.2	 19150.2	 19150.2	 19150.2	 19150.2	 18783.6	 -12747.3	 18981.9	 18050.8	 20048.1
2.53906e+03	 19228	 19228	 19228	 19228	 19228	 18860.7	 -12658.4	 19063.2	 18127	 20134.2
2.55859e+03	 19302.8	 19302.8	 19302.8	 19302.8	 19302.8	 18936.6	 -12574	 19151.4	 18205.3	 20231
2.57812e+03	 19390.8	 19390.8	 19390.8	 19390.8	 19390.8	 19024.5	 -12503.8	 19224.8	 18292.3	 20293.4
2.59766e+03	 19470.7	 19470.7	 19470.7	 19470.7	 19470.7	 19103.6	 -12417.3	 19304	 18370.3	 20374.4
2.61719e+03	 19545	 19545	 19545	 19545	 19545	 19178.8	 -12331.5	 19392	 18447.6	 20470.6
2.63672e+03	 19631.6	 19631.6	 19631.6	 19631.6	 19631.6	 19265.4	 -12260	 19467.5	 18533.8	 20538.3
2.65625e+03	 19713.1	 19713.1	 19713.1	 19713.1	 19713.1	 19346.2	 -12176	 19545.2	 18613.4	 20615.1
2.67578e+03	 19787.4	 19787.4	 19787.4	 19787.4	 19787.4	 19421.2	 -12089.4	 19632.5	 18690	 20710.2
2.69531e+03	 19872.5	 19872.5	 19872.5	 19872.5	 19872.5	 19506.6	 -12016.3	 19710	 18775.3	 20782.7
2.71484e+03	 19955.2	 19955.2	 19955.2	 19955.2	 19955.2	 19588.6	 -11934.4	 19786.6	 18856.2	 20856.3
2.73438e+03	 20029.9	 20029.9	 20029.9	 20029.9	 20029.9	 19663.8	 -11847.5	 19873.1	 18932.5	 20950
2.75391e+03	 20113.6	 20113.6	 20113.6	 20113.6	 20113.6	 19747.8	 -11772.7	 19952.2	 19016.9	 21026.4
2.77344e+03	 20197.1	 20197.1	 20197.1	 20197.1	 20197.1	 19830.8	 -11692.5	 20028.2	 19098.8	 21097.9
2.79297e+03	 20272.4	 20272.4	 20272.4	 20272.4	 20272.4	 19906.4	 -11605.7	 20113.8	 19175.2	 21189.9
2.81250e+03	 20354.8	 20354.8	 20354.8	 20354.8	 20354.8	 19989.2	 -11529.3	 20194.2	 19258.5	 21269.5
2.83203e+03	 20438.9	 20438.9	 20438.9	 20438.9	 20438.9	 20072.8	 -11450.5	 20270	 19341.2	 21339.9
2.85156e+03	 20515	 20515	 20515	 20515	 20515	 20149	 -11363.9	 20354.6	 19418	 21430
2.87109e+03	 20596.2	 20596.2	 20596.2	 20596.2	 20596.2	 20230.7	 -11285.9	 20436.1	 19500.3	 21512.1
2.89062e+03	 20680.5	 20680.5	 20680.5	 20680.5	 20680.5	 20314.6	 -11208.2	 20511.9	 19583.4	 21582.2
2.91016e+03	 20757.5	 20757.5	 20757.5	 20757.5	 20757.5	 20391.6	 -11122.3	 20595.5	 19660.8	 21670.3
2.92969e+03	 20837.8	 20837.8	 20837.8	 20837.8	 20837.8	 20472.3	 -11042.8	 20677.8	 19742.1	 21754.1
2.94922e+03	 20922.1	 20922.1	 20922.1	 20922.1	 20922.1	 20556.3	 -10965.8	 20753.9	 19825.5	 21824.8
2.96875e+03	 21000	 21000	 21000	 21000	 21000	 20634.2	 -10880.6	 20836.5	 19903.5	 21910.8
2.98828e+03	 21079.5	 21079.5	 21079.5	 21079.5	 21079.5	 20714.1	 -10800	 20919.3	 19984.1	 21995.9
3.00781e+03	 21163.6	 21163.6	 21163.6	 21163.6	 21163.6	 20798	 -10723.2	 20995.9	 20067.5	 22067.5
3.02734e+03	 21242.4	 21242.4	 21242.4	 21242.4	 21242.4	 20876.7	 -10638.9	 21077.6	 20146.2	 22151.5
3.04688e+03	 21321.3	 21321.3	 21321.3	 21321.3	 21321.3	 20956	 -10557.2	 21160.8	 20226.2	 22237.5
3.06641e+03	 21405.1	 21405.1	 21405.1	 21405.1	 21405.1	 21039.7	 -10480.5	 21238	 20309.5	 22310.3
3.08594e+03	 21484.7	 21484.7	 21484.7	 21484.7	 21484.7	 21119.2	 -10397.1	 21318.8	 20388.9	 22392.4
3.10547e+03	 21563.2	 21563.2	 21563.2	 21563.2	 21563.2	 21198	 -10314.7	 21402.2	 20468.4	 22478.9
3.12500e+03	 21646.6	 21646.6	 21646.6	 21646.6	 21646.6	 21281.4	 -10237.8	 21480.1	 20551.4	 22553
3.14453e+03	 21726.9	 21726.9	 21726.9	 21726.9	 21726.9	 21361.5	 -10155.2	 21560.1	 20631.4	 22633.5
3.16406e+03	 21805.2	 21805.2	 21805.2	 21805.2	 21805.2	 21440.1	 -10072.3	 21643.6	 20710.6	 22720.1
3.18359e+03	 21888.1	 21888.1	 21888.1	 21888.1	 21888.1	 21523	 -9994.98	 21722.1	 20793.4	 22795.7
3.20312e+03	 21969.1	 21969.1	 21969.1	 21969.1	 21969.1	 21603.8	 -9913.3	 21801.6	 20873.9	 22874.8
3.22266e+03	 22047.3	 22047.3	 22047.3	 22047.3	 22047.3	 21682.2	 -9830.01	 21884.9	 20952.9	 22961.3
3.24219e+03	 22129.7	 22129.7	 22129.7	 22129.7	 22129.7	 21764.7	 -9752.18	 21964.1	 21035.4	 23038.4
3.26172e+03	 22211.1	 22211.1	 22211.1	 22211.1	 22211.1	 21846	 -9671.29	 22043.2	 21116.3	 23116.3
3.28125e+03	 22289.4	 22289.4	 22289.4	 22289.4	 22289.4	 21924.5	 -9587.84	 22126.2	 21195.2	 23202.4
3.30078e+03	 22371.3	 22371.3	 22371.3	 22371.3	 22371.3	 22006.4	 -9509.4	 22206	 21277.3	 23280.9
3.32031e+03	 22453.1	 22453.1	 22453.1	 22453.1	 22453.1	 22088.1	 -9429.19	 22284.8	 21358.6	 23357.9
3.33984e+03	 22531.6	 22531.6	 22531.6	 22531.6	 22531.6	 22166.7	 -9345.73	 22367.6	 21437.6	 23443.5
3.35938e+03	 22612.9	 22612.9	 22612.9	 22612.9	 22612.9	 22248.2	 -9266.66	 22447.9	 21519.3	 23523.3
3.37891e+03	 22695.1	 22695.1	 22695.1	 22695.1	 22695.1	 22330.2	 -9187.02	 22526.5	 21600.9	 23599.7
3.39844e+03	 22773.8	 22773.8	 22773.8	 22773.8	 22773.8	 22409	 -9103.66	 22608.9	 21680	 23684.7
3.41797e+03	 22854.6	 22854.6	 22854.6	 22854.6	 22854.6	 22490	 -9023.98	 22689.8	 21761.3	 23765.6
3.43750e+03	 22936.9	 22936.9	 22936.9	 22936.9	 22936.9	 22572.2	 -8944.79	 22768.3	 21843.1	 23841.6
3.45703e+03	 23015.9	 23015.9	 23015.9	 23015.9	 23015.9	 22651.2	 -8861.63	 22850.3	 21922.4	 23925.8
3.47656e+03	 23096.4	 23096.4	 23096.4	 23096.4	 23096.4	 22731.8	 -8781.35	 22931.6	 22003.3	 24007.7
3.49609e+03	 23178.8	 23178.8	 23178.8	 23178.8	 23178.8	 22814.1	 -8702.49	 23010.1	 22085.3	 24083.7
3.51562e+03	 23258.1	 23258.1	 23258.1	 23258.1	 23258.1	 22893.5	 -8619.62	 23091.7	 22164.8	 24167
3.53516e+03	 23338.2	 23338.2	 23338.2	 23338.2	 23338.2	 22973.7	 -8538.78	 23173.3	 22245.4	 24249.7
3.55469e+03	 23420.6	 23420.6	 23420.6	 23420.6	 23420.6	 23056	 -8460.12	 23251.9	 22327.5	 24325.8
3.57422e+03	 23500.3	 23500.3	 23500.3	 23500.3	 23500.3	 23135.8	 -8377.62	 23333.1	 22407.2	 24408.2
3.59375e+03	 23580	 23580	 23580	 23580	 23580	 23215.7	 -8296.28	 23415.1	 22487.5	 24491.6
3.61328e+03	 23662.4	 23662.4	 23662.4	 23662.4	 23662.4	 23297.9	 -8217.7	 23493.8	 22569.6	 24568.1
3.63281e+03	 23742.5	 23742.5	 23742.5	 23742.5	 23742.5	 23378	 -8135.62	 23574.6	 22649.6	 24649.5
3.65234e+03	 23822	 23822	 23822	 23822	 23822	 23457.7	 -8053.86	 23656.7	 22729.6	 24733.4
3.67188e+03	 23904.1	 23904.1	 23904.1	 23904.1	 23904.1	 23539.8	 -7975.23	 23735.8	 22811.6	 24810.4
3.69141e+03	 23984.6	 23984.6	 23984.6	 23984.6	 23984.6	 23620.2	 -7893.61	 23816.1	 22892	 24890.9
3.71094e+03	 24063.9	 24063.9	 24063.9	 24063.9	 24063.9	 23699.7	 -7811.51	 23898.4	 22971.8	 24975
3.73047e+03	 24145.9	 24145.9	 24145.9	 24145.9	 24145.9	 23781.7	 -7732.72	 23977.7	 23053.7	 25052.7
3.75000e+03	 24226.7	 24226.7	 24226.7	 24226.7	 24226.7	 23862.4	 -7651.57	 24057.7	 23134.3	 25132.4
3.76953e+03	 24305.9	 24305.9	 24305.9	 24305.9	 24305.9	 23941.8	 -7569.23	 24140	 23214	 25216.6
3.78906e+03	 24387.6	 24387.6	 24387.6	 24387.6	 24387.6	 24023.5	 -7490.2	 24219.6	 23295.7	 25295
3.80859e+03	 24468.8	 24468.8	 24468.8	 24468.8	 24468.8	 24104.6	 -7409.51	 24299.4	 23376.6	 25374
3.82812e+03	 24548	 24548	 24548	 24548	 24548	 24183.9	 -7327.01	 24381.5	 23456.2	 25458.1
3.84766e+03	 24629.4	 24629.4	 24629.4	 24629.4	 24629.4	 24265.4	 -7247.66	 24461.6	 23537.7	 25537.3
3.86719e+03	 24710.8	 24710.8	 24710.8	 24710.8	 24710.8	 24346.7	 -7167.39	 24541.1	 23618.9	 25615.6
3.88672e+03	 24790.1	 24790.1	 24790.1	 24790.1	 24790.1	 24426	 -7084.85	 24623.1	 23698.5	 25699.6
3.90625e+03	 24871.2	 24871.2	 24871.2	 24871.2	 24871.2	 24507.2	 -7005.14	 24703.5	 23779.8	 25779.6
3.92578e+03	 24952.8	 24952.8	 24952.8	 24952.8	 24952.8	 24588.8	 -6925.24	 24782.8	 23861.1	 25857.4
3.94531e+03	 25032.2	 25032.2	 25032.2	 25032.2	 25032.2	 24668.2	 -6842.74	 24864.7	 23940.8	 25941
3.96484e+03	 25113	 25113	 25113	 25113	 25113	 24749.1	 -6762.63	 24945.4	 24021.8	 26021.7
3.98438e+03	 25194.7	 25194.7	 25194.7	 25194.7	 25194.7	 24830.8	 -6683.04	 25024.6	 24103.3	 26099.3
4.00391e+03	 25274.3	 25274.3	 25274.3	 25274.3	 25274.3	 24910.4	 -6600.66	 25106.2	 24183.1	 26182.4
4.02344e+03	 25354.8	 25354.8	 25354.8	 25354.8	 25354.8	 24991	 -6520.16	 25187.3	 24263.9	 26263.9
4.04297e+03	 25436.7	 25436.7	 25436.7	 25436.7	 25436.7	 25072.8	 -6440.78	 25266.4	 24345.5	 26341.3
4.06250e+03	 25516.4	 25516.4	 25516.4	 25516.4	 25516.4	 25152.6	 -6358.6	 25347.8	 24425.4	 26423.8
4.08203e+03	 25596.7	 25596.7	 25596.7	 25596.7	 25596.7	 25232.9	 -6277.73	 25429.1	 24506	 26505.9
4.10156e+03	 25678.5	 25678.5	 25678.5	 25678.5	 25678.5	 25314.8	 -6198.47	 25508.3	 24587.6	 26583.4
4.12109e+03	 25758.5	 25758.5	 25758.5	 25758.5	 25758.5	 25394.8	 -6116.57	 25589.4	 24667.7	 26665.3
4.14062e+03	 25838.6	 25838.6	 25838.6	 25838.6	 25838.6	 25474.9	 -6035.35	 25670.9	 24748.1	 26747.8
4.16016e+03	 25920.4	 25920.4	 25920.4	 25920.4	 25920.4	 25556.7	 -5956.12	 25750.2	 24829.7	 26825.6
4.17969e+03	 26000.7	 26000.7	 26000.7	 26000.7	 26000.7	 25637	 -5874.52	 25831	 24910	 26906.8
4.19922e+03	 26080.5	 26080.5	 26080.5	 26080.5	 26080.5	 25716.9	 -5793.04	 25912.6	 24990.2	 26989.6
4.21875e+03	 26162.2	 26162.2	 26162.2	 26162.2	 26162.2	 25798.6	 -5713.73	 25992.1	 25071.8	 27067.7
4.23828e+03	 26242.8	 26242.8	 26242.8	 26242.8	 26242.8	 25879.1	 -5632.46	 26072.7	 25152.3	 27148.4
4.25781e+03	 26322.5	 26322.5	 26322.5	 26322.5	 26322.5	 25959	 -5550.77	 26154.3	 25232.3	 27231.3
4.27734e+03	 26404	 26404	 26404	 26404	 26404	 26040.5	 -5471.32	 26234.1	 25313.8	 27310
4.29688e+03	 26484.8	 26484.8	 26484.8	 26484.8	 26484.8	 26121.3	 -5390.38	 26314.3	 25394.5	 27390
4.31641e+03	 26564.5	 26564.5	 26564.5	 26564.5	 26564.5	 26201.1	 -5308.56	 26396	 25474.5	 27473
4.33594e+03	 26645.9	 26645.9	 26645.9	 26645.9	 26645.9	 26282.4	 -5228.91	 26476	 25555.9	 27552.1
4.35547e+03	 26726.9	 26726.9	 26726.9	 26726.9	 26726.9	 26363.4	 -5148.27	 26556.1	 25636.7	 27631.8
4.37500e+03	 26806.6	 26806.6	 26806.6	 26806.6	 26806.6	 26443.2	 -5066.39	 26637.7	 25716.7	 27714.6
4.39453e+03	 26887.7	 26887.7	 26887.7	 26887.7	 26887.7	 26524.4	 -4986.5	 26717.9	 25797.9	 27794.3
4.41406e+03	 26968.9	 26968.9	 26968.9	 26968.9	 26968.9	 26605.4	 -4906.11	 26797.9	 25878.9	 27873.6
4.43359e+03	 27048.7	 27048.7	 27048.7	 27048.7	 27048.7	 26685.3	 -4824.26	 26879.4	 25959	 27956.3
4.45312e+03	 27129.6	 27129.6	 27129.6	 27129.6	 27129.6	 26766.3	 -4744.12	 26959.8	 26040	 28036.4
4.47266e+03	 27210.8	 27210.8	 27210.8	 27210.8	 27210.8	 26847.5	 -4663.92	 27039.7	 26121.1	 28115.5
4.49219e+03	 27290.8	 27290.8	 27290.8	 27290.8	 27290.8	 26927.4	 -4582.15	 27121.1	 26201.2	 28197.9
4.51172e+03	 27371.5	 27371.5	 27371.5	 27371.5	 27371.5	 27008.2	 -4501.75	 27201.7	 26282.1	 28278.5
4.53125e+03	 27452.8	 27452.8	 27452.8	 27452.8	 27452.8	 27089.5	 -4421.69	 27281.5	 26363.3	 28357.4
4.55078e+03	 27532.8	 27532.8	 27532.8	 27532.8	 27532.8	 27169.6	 -4340.05	 27362.8	 26443.4	 28439.5
4.57031e+03	 27613.4	 27613.4	 27613.4	 27613.4	 27613.4	 27250.2	 -4259.42	 27443.6	 26524.2	 28520.5
4.58984e+03	 27694.7	 27694.7	 27694.7	 27694.7	 27694.7	 27331.5	 -4179.44	 27523.4	 26605.4	 28599.4
4.60938e+03	 27774.9	 27774.9	 27774.9	 27774.9	 27774.9	 27411.7	 -4097.95	 27604.5	 26685.7	 28681.1
4.62891e+03	 27855.4	 27855.4	 27855.4	 27855.4	 27855.4	 27492.2	 -4017.12	 27685.4	 26766.3	 28762.4
4.64844e+03	 27936.7	 27936.7	 27936.7	 27936.7	 27936.7	 27573.5	 -3937.18	 27765.3	 26847.5	 28841.5
4.66797e+03	 28017	 28017	 28017	 28017	 28017	 27653.8	 -3855.85	 27846.2	 26927.9	 28922.8
4.68750e+03	 28097.3	 28097.3	 28097.3	 28097.3	 28097.3	 27734.2	 -3774.85	 27927.2	 27008.4	 29004.3
4.70703e+03	 28178.6	 28178.6	 28178.6	 28178.6	 28178.6	 27815.5	 -3694.89	 28007.2	 27089.6	 29083.5
4.72656e+03	 28259	 28259	 28259	 28259	 28259	 27895.9	 -3613.74	 28087.9	 27170.1	 29164.5
4.74609e+03	 28339.3	 28339.3	 28339.3	 28339.3	 28339.3	 27976.3	 -3532.6	 28169	 27250.5	 29246.2
4.76562e+03	 28420.5	 28420.5	 28420.5	 28420.5	 28420.5	 28057.4	 -3452.6	 28249.1	 27331.7	 29325.6
4.78516e+03	 28501.1	 28501.1	 28501.1	 28501.1	 28501.1	 28138	 -3371.62	 28329.7	 27412.3	 29406.2
4.80469e+03	 28581.3	 28581.3	 28581.3	 28581.3	 28581.3	 28218.3	 -3290.39	 28410.8	 27492.7	 29488
4.82422e+03	 28662.4	 28662.4	 28662.4	 28662.4	 28662.4	 28299.4	 -3210.3	 28491	 27573.8	 29567.6
4.84375e+03	 28743.1	 28743.1	 28743.1	 28743.1	 28743.1	 28380.1	 -3129.49	 28571.5	 27654.5	 29648
4.86328e+03	 28823.3	 28823.3	 28823.3	 28823.3	 28823.3	 28460.4	 -3048.2	 28652.6	 27734.9	 29729.8
4.88281e+03	 28904.3	 28904.3	 28904.3	 28904.3	 28904.3	 28541.4	 -2968.01	 28732.9	 27815.9	 29809.7
4.90234e+03	 28985.1	 28985.1	 28985.1	 28985.1	 28985.1	 28622.2	 -2887.35	 28813.3	 27896.7	 29889.8
4.92188e+03	 29065.3	 29065.3	 29065.3	 29065.3	 29065.3	 28702.5	 -2806.02	 28894.4	 27977	 29971.6
4.94141e+03	 29146.2	 29146.2	 29146.2	 29146.2	 29146.2	 28783.4	 -2725.72	 28974.8	 28058	 30051.7
4.96094e+03	 29227.1	 29227.1	 29227.1	 29227.1	 29227.1	 28864.3	 -2645.18	 29055.1	 28138.8	 30131.7
4.98047e+03	 29307.4	 29307.4	 29307.4	 29307.4	 29307.4	 28944.5	 -2563.87	 29136.2	 28219.2	 30213.4
5.00000e+03	 29388.2	 29388.2	 29388.2	 29388.2	 29388.2	 29025.4	 -2483.43	 29216.7	 28300.1	 30293.8
5.01953e+03	 29469.1	 29469.1	 29469.1	 29469.1	 29469.1	 29106.3	 -2403.01	 29296.9	 28381	 30373.6
5.03906e+03	 29549.4	 29549.4	 29549.4	 29549.4	 29549.4	 29186.6	 -2321.72	 29378	 28461.4	 30455.2
5.05859e+03	 29630.1	 29630.1	 29630.1	 29630.1	 29630.1	 29267.4	 -2241.16	 29458.6	 28542.2	 30535.8
5.07812e+03	 29711.1	 29711.1	 29711.1	 29711.1	 29711.1	 29348.4	 -2160.81	 29538.8	 28623.1	 30615.5
5.09766e+03	 29791.5	 29791.5	 29791.5	 29791.5	 29791.5	 29428.7	 -2079.59	 29619.8	 28703.5	 30696.9
5.11719e+03	 29872.1	 29872.1	 29872.1	 29872.1	 29872.1	 29509.4	 -1998.9	 29700.5	 28784.3	 30777.8
5.13672e+03	 29953.1	 29953.1	 29953.1	 29953.1	 29953.1	 29590.4	 -1918.61	 29780.7	 28865.3	 30857.5
5.15625e+03	 30033.5	 30033.5	 30033.5	 30033.5	 30033.5	 29670.8	 -1837.46	 29861.5	 28945.7	 30938.7
5.17578e+03	 30114	 30114	 30114	 30114	 30114	 29751.4	 -1756.66	 29942.4	 29026.4	 31019.7
5.19531e+03	 30195.1	 30195.1	 30195.1	 30195.1	 30195.1	 29832.4	 -1676.39	 30022.6	 29107.4	 31099.4
5.21484e+03	 30275.5	 30275.5	 30275.5	 30275.5	 30275.5	 29912.9	 -1595.33	 30103.3	 29187.9	 31180.5
5.23438e+03	 30356	 30356	 30356	 30356	 30356	 29993.4	 -1514.43	 30184.2	 29268.5	 31261.7
5.25391e+03	 30437	 30437	 30437	 30437	 30437	 30074.4	 -1434.16	 30264.5	 29349.5	 31341.4
5.27344e+03	 30517.6	 30517.6	 30517.6	 30517.6	 30517.6	 30155	 -1353.2	 30345.2	 29430.1	 31422.3
5.29297e+03	 30598	 30598	 30598	 30598	 30598	 30235.4	 -1272.22	 30426.1	 29510.6	 31503.6
5.31250e+03	 30679	 30679	 30679	 30679	 30679	 30316.4	 -1191.93	 30506.4	 29591.6	 31583.4
5.33203e+03	 30759.6	 30759.6	 30759.6	 30759.6	 30759.6	 30397.1	 -1111.07	 30587	 29672.2	 31664.1
5.35156e+03	 30840	 30840	 30840	 30840	 30840	 30477.5	 -1030.02	 30667.9	 29752.7	 31745.5
5.37109e+03	 30920.9	 30920.9	 30920.9	 30920.9	 30920.9	 30558.4	 -949.691	 30748.3	 29833.7	 31825.5
5.39062e+03	 31001.6	 31001.6	 31001.6	 31001.6	 31001.6	 30639.1	 -868.929	 30828.8	 29914.4	 31905.9
5.41016e+03	 31082	 31082	 31082	 31082	 31082	 30719.5	 -787.846	 30909.8	 29994.9	 31987.3
5.42969e+03	 31162.9	 31162.9	 31162.9	 31162.9	 31162.9	 30800.4	 -707.452	 30990.2	 30075.8	 32067.5
5.44922e+03	 31243.7	 31243.7	 31243.7	 31243.7	 31243.7	 30881.2	 -626.782	 31070.6	 30156.5	 32147.8
5.46875e+03	 31324	 31324	 31324	 31324	 31324	 30961.6	 -545.68	 31151.6	 30237	 32229.2
5.48828e+03	 31404.9	 31404.9	 31404.9	 31404.9	 31404.9	 31042.4	 -465.214	 31232.1	 30317.9	 32309.5
5.50781e+03	 31485.7	 31485.7	 31485.7	 31485.7	 31485.7	 31123.3	 -384.626	 31312.5	 30398.7	 32389.7
5.52734e+03	 31566.1	 31566.1	 31566.1	 31566.1	 31566.1	 31203.7	 -303.527	 31393.4	 30479.2	 32471
5.54688e+03	 31646.8	 31646.8	 31646.8	 31646.8	 31646.8	 31284.5	 -222.981	 31474	 30560	 32551.5
5.56641e+03	 31727.7	 31727.7	 31727.7	 31727.7	 31727.7	 31365.3	 -142.459	 31554.4	 30640.8	 32631.6
5.58594e+03	 31808.1	 31808.1	 31808.1	 31808.1	 31808.1	 31445.7	 -61.3826	 31635.3	 30721.3	 32712.9
5.60547e+03	 31888.8	 31888.8	 31888.8	 31888.8	 31888.8	 31526.5	 19.2445	 31715.9	 30802.1	 32793.5
5.62500e+03	 31969.7	 31969.7	 31969.7	 31969.7	 31969.7	 31607.4	 99.7172	 31796.2	 30882.9	 32873.5
5.64453e+03	 32050.1	 32050.1	 32050.1	 32050.1	 32050.1	 31687.8	 180.756	 31877.1	 30963.5	 32954.7
5.66406e+03	 32130.8	 32130.8	 32130.8	 32130.8	 32130.8	 31768.5	 261.461	 31957.8	 31044.2	 33035.5
5.68359e+03	 32211.7	 32211.7	 32211.7	 32211.7	 32211.7	 31849.4	 341.901	 32038.1	 31125.1	 33115.5
5.70312e+03	 32292.2	 32292.2	 32292.2	 32292.2	 32292.2	 31929.9	 422.891	 32118.9	 31205.6	 33196.5
5.72266e+03	 32372.8	 32372.8	 32372.8	 32372.8	 32372.8	 32010.5	 503.668	 32199.7	 31286.3	 33277.4
5.74219e+03	 32453.7	 32453.7	 32453.7	 32453.7	 32453.7	 32091.4	 584.092	 32280	 31367.2	 33357.5
5.76172e+03	 32534.2	 32534.2	 32534.2	 32534.2	 32534.2	 32172	 665.024	 32360.8	 31447.8	 33438.4
5.78125e+03	 32614.7	 32614.7	 32614.7	 32614.7	 32614.7	 32252.5	 745.865	 32441.6	 31528.4	 33519.4
5.80078e+03	 32695.6	 32695.6	 32695.6	 32695.6	 32695.6	 32333.4	 826.289	 32521.9	 31609.3	 33599.4
5.82031e+03	 32776.2	 32776.2	 32776.2	 32776.2	 32776.2	 32414	 907.157	 32602.6	 31689.9	 33680.2
5.83984e+03	 32856.7	 32856.7	 32856.7	 32856.7	 32856.7	 32494.6	 988.052	 32683.4	 31770.5	 33761.3
5.85938e+03	 32937.6	 32937.6	 32937.6	 32937.6	 32937.6	 32575.5	 1068.49	 32763.9	 31851.4	 33841.4
5.87891e+03	 33018.3	 33018.3	 33018.3	 33018.3	 33018.3	 32656.1	 1149.29	 32844.5	 31932.1	 33922.1
5.89844e+03	 33098.7	 33098.7	 33098.7	 33098.7	 33098.7	 32736.6	 1230.23	 32925.3	 32012.6	 34003.2
5.91797e+03	 33179.6	 33179.6	 33179.6	 33179.6	 33179.6	 32817.5	 1310.69	 33005.8	 32093.5	 34083.4
5.93750e+03	 33260.3	 33260.3	 33260.3	 33260.3	 33260.3	 32898.2	 1391.43	 33086.3	 32174.2	 34164
5.95703e+03	 33340.8	 33340.8	 33340.8	 33340.8	 33340.8	 32978.7	 1472.39	 33167.2	 32254.8	 34245.1
5.97656e+03	 33421.6	 33421.6	 33421.6	 33421.6	 33421.6	 33059.5	 1552.9	 33247.7	 32335.6	 34325.4
5.99609e+03	 33502.3	 33502.3	 33502.3	 33502.3	 33502.3	 33140.2	 1633.58	 33328.2	 32416.3	 34405.9
6.01562e+03	 33582.8	 33582.8	 33582.8	 33582.8	 33582.8	 33220.7	 1714.54	 33409.1	 32496.9	 34487
6.03516e+03	 33663.5	 33663.5	 33663.5	 33663.5	 33663.5	 33301.5	 1795.1	 33489.6	 32577.7	 34567.4
6.05469e+03	 33744.3	 33744.3	 33744.3	 33744.3	 33744.3	 33382.3	 1875.73	 33570.1	 32658.5	 34647.8
6.07422e+03	 33824.8	 33824.8	 33824.8	 33824.8	 33824.8	 33462.8	 1956.69	 33650.9	 32739	 34728.9
6.09375e+03	 33905.5	 33905.5	 33905.5	 33905.5	 33905.5	 33543.5	 2037.3	 33731.5	 32819.8	 34809.4
6.11328e+03	 33986.3	 33986.3	 33986.3	 33986.3	 33986.3	 33624.3	 2117.89	 33812	 32900.6	 34889.7
6.13281e+03	 34066.8	 34066.8	 34066.8	 34066.8	 34066.8	 33704.9	 2198.84	 33892.8	 32981.2	 34970.8
6.15234e+03	 34147.5	 34147.5	 34147.5	 34147.5	 34147.5	 33785.6	 2279.5	 33973.4	 33061.9	 35051.4
6.17188e+03	 34228.3	 34228.3	 34228.3	 34228.3	 34228.3	 33866.4	 2360.05	 34053.9	 33142.7	 35131.7
6.19141e+03	 34308.9	 34308.9	 34308.9	 34308.9	 34308.9	 33946.9	 2440.97	 34134.7	 33223.3	 35212.7
6.21094e+03	 34389.5	 34389.5	 34389.5	 34389.5	 34389.5	 34027.6	 2521.69	 34215.3	 33304	 35293.4
6.23047e+03	 34470.3	 34470.3	 34470.3	 34470.3	 34470.3	 34108.4	 2602.21	 34295.8	 33384.8	 35373.6
6.25000e+03	 34550.9	 34550.9	 34550.9	 34550.9	 34550.9	 34189	 2683.11	 34376.5	 33465.4	 35454.5
6.26953e+03	 34631.5	 34631.5	 34631.5	 34631.5	 34631.5	 34269.6	 2763.87	 34457.3	 33546.1	 35535.3
6.28906e+03	 34712.3	 34712.3	 34712.3	 34712.3	 34712.3	 34350.5	 2844.39	 34537.7	 33626.9	 35615.6
6.30859e+03	 34792.9	 34792.9	 34792.9	 34792.9	 34792.9	 34431.1	 2925.24	 34618.4	 33707.6	 35696.4
6.32812e+03	 34873.5	 34873.5	 34873.5	 34873.5	 34873.5	 34511.7	 3006.05	 34699.2	 33788.2	 35777.3
6.34766e+03	 34954.3	 34954.3	 34954.3	 34954.3	 34954.3	 34592.5	 3086.56	 34779.6	 33869	 35857.6
6.36719e+03	 35034.9	 35034.9	 35034.9	 35034.9	 35034.9	 34673.1	 3167.38	 34860.3	 33949.7	 35938.3
6.38672e+03	 35115.5	 35115.5	 35115.5	 35115.5	 35115.5	 34753.7	 3248.22	 34941.1	 34030.3	 36019.2
6.40625e+03	 35196.3	 35196.3	 35196.3	 35196.3	 35196.3	 34834.5	 3328.74	 35021.5	 34111.1	 36099.5
6.42578e+03	 35277	 35277	 35277	 35277	 35277	 34915.2	 3409.51	 35102.2	 34191.8	 36180.2
6.44531e+03	 35357.5	 35357.5	 35357.5	 35357.5	 35357.5	 34995.8	 3490.38	 35183	 34272.4	 36261.2
6.46484e+03	 35438.3	 35438.3	 35438.3	 35438.3	 35438.3	 35076.6	 3570.92	 35263.5	 34353.2	 36341.5
6.48438e+03	 35519	 35519	 35519	 35519	 35519	 35157.2	 3651.65	 35344.1	 34433.9	 36422.1
6.50391e+03	 35599.5	 35599.5	 35599.5	 35599.5	 35599.5	 35237.8	 3732.54	 35424.9	 34514.5	 36503.1
6.52344e+03	 35680.3	 35680.3	 35680.3	 35680.3	 35680.3	 35318.6	 3813.1	 35505.4	 34595.3	 36583.5
6.54297e+03	 35761	 35761	 35761	 35761	 35761	 35399.3	 3893.78	 35586	 34676.1	 36664
6.56250e+03	 35841.5	 35841.5	 35841.5	 35841.5	 35841.5	 35479.9	 3974.68	 35666.8	 34756.7	 36745
6.58203e+03	 35922.3	 35922.3	 35922.3	 35922.3	 35922.3	 35560.6	 4055.28	 35747.3	 34837.4	 36825.5
6.60156e+03	 36003	 36003	 36003	 36003	 36003	 35641.4	 4135.93	 35827.9	 34918.2	 36906
6.62109e+03	 36083.6	 36083.6	 36083.6	 36083.6	 36083.6	 35721.9	 4216.83	 35908.6	 34998.8	 36986.9
6.64062e+03	 36164.3	 36164.3	 36164.3	 36164.3	 36164.3	 35802.6	 4297.46	 35989.2	 35079.5	 37067.5
6.66016e+03	 36245	 36245	 36245	 36245	 36245	 35883.4	 4378.07	 36069.8	 35160.3	 37147.9
6.67969e+03	 36325.6	 36325.6	 36325.6	 36325.6	 36325.6	 35964	 4458.97	 36150.5	 35240.9	 37228.8
6.69922e+03	 36406.3	 36406.3	 36406.3	 36406.3	 36406.3	 36044.7	 4539.64	 36231.2	 35321.6	 37309.5
6.71875e+03	 36487.1	 36487.1	 36487.1	 36487.1	 36487.1	 36125.5	 4620.22	 36311.7	 35402.4	 37389.8
6.73828e+03	 36567.6	 36567.6	 36567.6	 36567.6	 36567.6	 36206	 4701.1	 36392.4	 35483	 37470.8
6.75781e+03	 36648.3	 36648.3	 36648.3	 36648.3	 36648.3	 36286.7	 4781.82	 36473.1	 35563.7	 37551.5
6.77734e+03	 36729.1	 36729.1	 36729.1	 36729.1	 36729.1	 36367.5	 4862.38	 36553.6	 35644.5	 37631.8
6.79688e+03	 36809.6	 36809.6	 36809.6	 36809.6	 36809.6	 36448.1	 4943.23	 36634.3	 35725.1	 37712.7
6.81641e+03	 36890.3	 36890.3	 36890.3	 36890.3	 36890.3	 36528.7	 5023.98	 36715	 35805.8	 37793.4
6.83594e+03	 36971.1	 36971.1	 36971.1	 36971.1	 36971.1	 36609.5	 5104.54	 36795.5	 35886.6	 37873.8
6.85547e+03	 37051.7	 37051.7	 37051.7	 37051.7	 37051.7	 36690.2	 5185.36	 36876.2	 35967.3	 37954.6
6.87500e+03	 37132.3	 37132.3	 37132.3	 37132.3	 37132.3	 36770.8	 5266.15	 36956.9	 36047.9	 38035.4
6.89453e+03	 37213.1	 37213.1	 37213.1	 37213.1	 37213.1	 36851.6	 5346.7	 37037.4	 36128.7	 38115.7
6.91406e+03	 37293.7	 37293.7	 37293.7	 37293.7	 37293.7	 36932.2	 5427.49	 37118.1	 36209.4	 38196.5
6.93359e+03	 37374.3	 37374.3	 37374.3	 37374.3	 37374.3	 37012.8	 5508.31	 37198.9	 36290	 38277.4
6.95312e+03	 37455.1	 37455.1	 37455.1	 37455.1	 37455.1	 37093.6	 5588.86	 37279.4	 36370.8	 38357.7
6.97266e+03	 37535.7	 37535.7	 37535.7	 37535.7	 37535.7	 37174.3	 5669.62	 37360	 36451.5	 38438.4
6.99219e+03	 37616.3	 37616.3	 37616.3	 37616.3	 37616.3	 37254.9	 5750.46	 37440.8	 36532.1	 38519.3
7.01172e+03	 37697.1	 37697.1	 37697.1	 37697.1	 37697.1	 37335.6	 5831.03	 37521.3	 36612.9	 38599.7
7.03125e+03	 37777.8	 37777.8	 37777.8	 37777.8	 37777.8	 37416.3	 5911.75	 37601.9	 36693.6	 38680.3
7.05078e+03	 37858.3	 37858.3	 37858.3	 37858.3	 37858.3	 37496.9	 5992.61	 37682.7	 36774.2	 38761.2
7.07031e+03	 37939.1	 37939.1	 37939.1	 37939.1	 37939.1	 37577.7	 6073.2	 37763.2	 36855	 38841.7
7.08984e+03	 38019.8	 38019.8	 38019.8	 38019.8	 38019.8	 37658.4	 6153.88	 37843.8	 36935.8	 38922.2
7.10938e+03	 38100.3	 38100.3	 38100.3	 38100.3	 38100.3	 37739	 6234.75	 37924.6	 37016.4	 39003.2
7.12891e+03	 38181.1	 38181.1	 38181.1	 38181.1	 38181.1	 37819.7	 6315.37	 38005.2	 37097.1	 39083.7
7.14844e+03	 38261.8	 38261.8	 38261.8	 38261.8	 38261.8	 37900.4	 6396.02	 38085.7	 37177.9	 39164.2
7.16797e+03	 38342.4	 38342.4	 38342.4	 38342.4	 38342.4	 37981	 6476.88	 38166.5	 37258.5	 39245.1
7.18750e+03	 38423.1	 38423.1	 38423.1	 38423.1	 38423.1	 38061.7	 6557.53	 38247.1	 37339.2	 39325.7
7.20703e+03	 38503.8	 38503.8	 38503.8	 38503.8	 38503.8	 38142.5	 6638.16	 38327.6	 37420	 39406.1
7.22656e+03	 38584.4	 38584.4	 38584.4	 38584.4	 38584.4	 38223.1	 6719.02	 38408.4	 37500.6	 39487
7.24609e+03	 38665.1	 38665.1	 38665.1	 38665.1	 38665.1	 38303.8	 6799.7	 38489	 37581.3	 39567.7
7.26562e+03	 38745.8	 38745.8	 38745.8	 38745.8	 38745.8	 38384.5	 6880.3	 38569.6	 37662.1	 39648.1
7.28516e+03	 38826.4	 38826.4	 38826.4	 38826.4	 38826.4	 38465.1	 6961.14	 38650.3	 37742.7	 39729
7.30469e+03	 38907.1	 38907.1	 38907.1	 38907.1	 38907.1	 38545.8	 7041.86	 38731	 37823.4	 39809.6
7.32422e+03	 38987.8	 38987.8	 38987.8	 38987.8	 38987.8	 38626.6	 7122.45	 38811.5	 37904.2	 39890
7.34375e+03	 39068.4	 39068.4	 39068.4	 39068.4	 39068.4	 38707.2	 7203.27	 38892.2	 37984.8	 39970.9
7.36328e+03	 39149.1	 39149.1	 39149.1	 39149.1	 39149.1	 38787.8	 7284.02	 38972.9	 38065.5	 40051.6
7.38281e+03	 39229.9	 39229.9	 39229.9	 39229.9	 39229.9	 38868.6	 7364.6	 39053.4	 38146.3	 40132
7.40234e+03	 39310.5	 39310.5	 39310.5	 39310.5	 39310.5	 38949.3	 7445.4	 39134.1	 38226.9	 40212.8
7.42188e+03	 39391.1	 39391.1	 39391.1	 39391.1	 39391.1	 39029.9	 7526.17	 39214.8	 38307.6	 40293.6
7.44141e+03	 39471.9	 39471.9	 39471.9	 39471.9	 39471.9	 39110.7	 7606.75	 39295.4	 38388.4	 40374
7.46094e+03	 39552.5	 39552.5	 39552.5	 39552.5	 39552.5	 39191.3	 7687.52	 39376	 38469.1	 40454.7
7.48047e+03	 39633.1	 39633.1	 39633.1	 39633.1	 39633.1	 39271.9	 7768.32	 39456.8	 38549.7	 40535.5
7.50000e+03	 39713.9	 39713.9	 39713.9	 39713.9	 39713.9	 39352.7	 7848.91	 39537.3	 38630.5	 40616
7.51953e+03	 39794.5	 39794.5	 39794.5	 39794.5	 39794.5	 39433.4	 7929.65	 39617.9	 38711.2	 40696.7
7.53906e+03	 39875.1	 39875.1	 39875.1	 39875.1	 39875.1	 39514	 8010.46	 39698.7	 38791.8	 40777.5
7.55859e+03	 39955.9	 39955.9	 39955.9	 39955.9	 39955.9	 39594.7	 8091.07	 39779.2	 38872.6	 40858
7.57812e+03	 40036.6	 40036.6	 40036.6	 40036.6	 40036.6	 39675.4	 8171.78	 39859.9	 38953.3	 40938.6
7.59766e+03	 40117.1	 40117.1	 40117.1	 40117.1	 40117.1	 39756	 8252.59	 39940.6	 39033.9	 41019.4
7.61719e+03	 40197.9	 40197.9	 40197.9	 40197.9	 40197.9	 39836.8	 8333.22	 40021.2	 39114.7	 41100
7.63672e+03	 40278.6	 40278.6	 40278.6	 40278.6	 40278.6	 39917.5	 8413.91	 40101.8	 39195.4	 41180.5
7.65625e+03	 40359.2	 40359.2	 40359.2	 40359.2	 40359.2	 39998.1	 8494.73	 40182.5	 39276	 41261.4
7.67578e+03	 40439.9	 40439.9	 40439.9	 40439.9	 40439.9	 40078.8	 8575.38	 40263.1	 39356.8	 41341.9
7.69531e+03	 40520.6	 40520.6	 40520.6	 40520.6	 40520.6	 40159.5	 8656.05	 40343.7	 39437.5	 41422.5
7.71484e+03	 40601.2	 40601.2	 40601.2	 40601.2	 40601.2	 40240.1	 8736.86	 40424.4	 39518.1	 41503.3
7.73438e+03	 40681.9	 40681.9	 40681.9	 40681.9	 40681.9	 40320.8	 8817.53	 40505.1	 39598.9	 41583.9
7.75391e+03	 40762.6	 40762.6	 40762.6	 40762.6	 40762.6	 40401.6	 8898.19	 40585.6	 39679.6	 41664.5
7.77344e+03	 40843.2	 40843.2	 40843.2	 40843.2	 40843.2	 40482.2	 8978.99	 40666.4	 39760.2	 41745.3
7.79297e+03	 40923.9	 40923.9	 40923.9	 40923.9	 40923.9	 40562.9	 9059.68	 40747	 39841	 41825.9
7.81250e+03	 41004.6	 41004.6	 41004.6	 41004.6	 41004.6	 40643.6	 9140.33	 40827.6	 39921.7	 41906.4
7.83203e+03	 41085.2	 41085.2	 41085.2	 41085.2	 41085.2	 40724.2	 9221.11	 40908.3	 40002.4	 41987.2
7.85156e+03	 41165.9	 41165.9	 41165.9	 41165.9	 41165.9	 40804.9	 9301.83	 40988.9	 40083.1	 42067.9
7.87109e+03	 41246.6	 41246.6	 41246.6	 41246.6	 41246.6	 40885.7	 9382.47	 41069.5	 40163.8	 42148.4
7.89062e+03	 41327.3	 41327.3	 41327.3	 41327.3	 41327.3	 40966.3	 9463.24	 41150.2	 40244.5	 42229.2
7.91016e+03	 41407.9	 41407.9	 41407.9	 41407.9	 41407.9	 41047	 9543.97	 41230.9	 40325.2	 42309.9
7.92969e+03	 41488.6	 41488.6	 41488.6	 41488.6	 41488.6	 41127.7	 9624.62	 41311.4	 40405.9	 42390.4
7.94922e+03	 41569.3	 41569.3	 41569.3	 41569.3	 41569.3	 41208.4	 9705.37	 41392.1	 40486.6	 42471.1
7.96875e+03	 41649.9	 41649.9	 41649.9	 41649.9	 41649.9	 41289	 9786.11	 41472.8	 40567.3	 42551.8
7.98828e+03	 41730.7	 41730.7	 41730.7	 41730.7	 41730.7	 41369.7	 9866.77	 41553.4	 40648	 42632.4
8.00781e+03	 41811.3	 41811.3	 41811.3	 41811.3	 41811.3	 41450.4	 9947.5	 41634	 40728.7	 42713
8.02734e+03	 41892	 41892	 41892	 41892	 41892	 41531.1	 10028.2	 41714.7	 40809.4	 42793.8
8.04688e+03	 41972.7	 41972.7	 41972.7	 41972.7	 41972.7	 41611.8	 10108.9	 41795.3	 40890.1	 42874.3
8.06641e+03	 42053.3	 42053.3	 42053.3	 42053.3	 42053.3	 41692.5	 10189.6	 41876	 40970.8	 42955
8.08594e+03	 42134	 42134	 42134	 42134	 42134	 41773.1	 10270.4	 41956.6	 41051.5	 43035.7
8.10547e+03	 42214.7	 42214.7	 42214.7	 42214.7	 42214.7	 41853.8	 10351.1	 42037.3	 41132.2	 43116.3
8.12500e+03	 42295.4	 42295.4	 42295.4	 42295.4	 42295.4	 41934.5	 10431.8	 42117.9	 41212.9	 43197
8.14453e+03	 42376	 42376	 42376	 42376	 42376	 42015.2	 10512.5	 42198.6	 41293.6	 43277.7
8.16406e+03	 42456.7	 42456.7	 42456.7	 42456.7	 42456.7	 42095.9	 10593.2	 42279.2	 41374.3	 43358.3
8.18359e+03	 42537.4	 42537.4	 42537.4	 42537.4	 42537.4	 42176.6	 10673.9	 42359.8	 41455	 43438.9
8.20312e+03	 42618	 42618	 42618	 42618	 42618	 42257.2	 10754.6	 42440.5	 41535.7	 43519.6
8.22266e+03	 42698.7	 42698.7	 42698.7	 42698.7	 42698.7	 42337.9	 10835.3	 42521.1	 41616.4	 43600.3
8.24219e+03	 42779.4	 42779.4	 42779.4	 42779.4	 42779.4	 42418.6	 10916	 42601.8	 41697.1	 43680.9
8.26172e+03	 42860.1	 42860.1	 42860.1	 42860.1	 42860.1	 42499.3	 10996.8	 42682.4	 41777.8	 43761.6
8.28125e+03	 42940.7	 42940.7	 42940.7	 42940.7	 42940.7	 42579.9	 11077.5	 42763.1	 41858.5	 43842.2
8.30078e+03	 43021.4	 43021.4	 43021.4	 43021.4	 43021.4	 42660.6	 11158.2	 42843.7	 41939.2	 43922.9
8.32031e+03	 43102.1	 43102.1	 43102.1	 43102.1	 43102.1	 42741.3	 11238.9	 42924.4	 42019.9	 44003.6
8.33984e+03	 43182.7	 43182.7	 43182.7	 43182.7	 43182.7	 42822	 11319.6	 43005	 42100.6	 44084.2
8.35938e+03	 43263.4	 43263.4	 43263.4	 43263.4	 43263.4	 42902.7	 11400.3	 43085.6	 42181.3	 44164.8
8.37891e+03	 43344.1	 43344.1	 43344.1	 43344.1	 43344.1	 42983.4	 11481	 43166.3	 42262	 44245.5
8.39844e+03	 43424.8	 43424.8	 43424.8	 43424.8	 43424.8	 43064	 11561.8	 43247	 42342.7	 44326.2
8.41797e+03	 43505.5	 43505.5	 43505.5	 43505.5	 43505.5	 43144.7	 11642.4	 43327.6	 42423.4	 44406.8
8.43750e+03	 43586.1	 43586.1	 43586.1	 43586.1	 43586.1	 43225.4	 11723.2	 43408.2	 42504.1	 44487.5
8.45703e+03	 43666.8	 43666.8	 43666.8	 43666.8	 43666.8	 43306.1	 11803.9	 43488.9	 42584.8	 44568.1
8.47656e+03	 43747.5	 43747.5	 43747.5	 43747.5	 43747.5	 43386.8	 11884.6	 43569.5	 42665.5	 44648.8
8.49609e+03	 43828.1	 43828.1	 43828.1	 43828.1	 43828.1	 43467.5	 11965.3	 43650.2	 42746.2	 44729.4
8.51562e+03	 43908.8	 43908.8	 43908.8	 43908.8	 43908.8	 43548.1	 12046	 43730.8	 42826.9	 44810.1
8.53516e+03	 43989.5	 43989.5	 43989.5	 43989.5	 43989.5	 43628.8	 12126.7	 43811.5	 42907.6	 44890.7
8.55469e+03	 44070.2	 44070.2	 44070.2	 44070.2	 44070.2	 43709.5	 12207.4	 43892.1	 42988.3	 44971.4
8.57422e+03	 44150.8	 44150.8	 44150.8	 44150.8	 44150.8	 43790.2	 12288.2	 43972.8	 43069	 45052.1
8.59375e+03	 44231.5	 44231.5	 44231.5	 44231.5	 44231.5	 43870.9	 12368.9	 44053.4	 43149.7	 45132.7
8.61328e+03	 44312.2	 44312.2	 44312.2	 44312.2	 44312.2	 43951.6	 12449.6	 44134	 43230.4	 45213.4
8.63281e+03	 44392.8	 44392.8	 44392.8	 44392.8	 44392.8	 44032.2	 12530.3	 44214.7	 43311.1	 45294
8.65234e+03	 44473.5	 44473.5	 44473.5	 44473.5	 44473.5	 44112.9	 12611	 44295.3	 43391.8	 45374.7
8.67188e+03	 44554.2	 44554.2	 44554.2	 44554.2	 44554.2	 44193.6	 12691.7	 44376	 43472.5	 45455.3
8.69141e+03	 44634.9	 44634.9	 44634.9	 44634.9	 44634.9	 44274.3	 12772.4	 44456.6	 43553.2	 45536
8.71094e+03	 44715.5	 44715.5	 44715.5	 44715.5	 44715.5	 44355	 12853.1	 44537.3	 43633.9	 45616.7
8.73047e+03	 44796.2	 44796.2	 44796.2	 44796.2	 44796.2	 44435.6	 12933.8	 44617.9	 43714.6	 45697.3
8.75000e+03	 44876.9	 44876.9	 44876.9	 44876.9	 44876.9	 44516.3	 13014.5	 44698.6	 43795.3	 45778
8.76953e+03	 44957.6	 44957.6	 44957.6	 44957.6	 44957.6	 44597	 13095.3	 44779.2	 43876	 45858.6
8.78906e+03	 45038.2	 45038.2	 45038.2	 45038.2	 45038.2	 44677.7	 13176	 44859.9	 43956.7	 45939.3
8.80859e+03	 45118.9	 45118.9	 45118.9	 45118.9	 45118.9	 44758.4	 13256.7	 44940.5	 44037.4	 46019.9
8.82812e+03	 45199.6	 45199.6	 45199.6	 45199.6	 45199.6	 44839.1	 13337.4	 45021.2	 44118.1	 46100.6
8.84766e+03	 45280.3	 45280.3	 45280.3	 45280.3	 45280.3	 44919.7	 13418.1	 45101.8	 44198.8	 46181.2
8.86719e+03	 45360.9	 45360.9	 45360.9	 45360.9	 45360.9	 45000.4	 13498.8	 45182.5	 44279.5	 46261.9
8.88672e+03	 45441.6	 45441.6	 45441.6	 45441.6	 45441.6	 45081.1	 13579.5	 45263.1	 44360.2	 46342.6
8.90625e+03	 45522.3	 45522.3	 45522.3	 45522.3	 45522.3	 45161.8	 13660.2	 45343.7	 44440.9	 46423.2
8.92578e+03	 45602.9	 45602.9	 45602.9	 45602.9	 45602.9	 45242.5	 13740.9	 45424.4	 44521.6	 46503.9
8.94531e+03	 45683.6	 45683.6	 45683.6	 45683.6	 45683.6	 45323.2	 13821.7	 45505	 44602.3	 46584.5
8.96484e+03	 45764.3	 45764.3	 45764.3	 45764.3	 45764.3	 45403.8	 13902.4	 45585.7	 44683	 46665.2
8.98438e+03	 45845	 45845	 45845	 45845	 45845	 45484.5	 13983.1	 45666.3	 44763.7	 46745.8
9.00391e+03	 45925.6	 45925.6	 45925.6	 45925.6	 45925.6	 45565.2	 14063.8	 45747	 44844.4	 46826.5
9.02344e+03	 46006.3	 46006.3	 46006.3	 46006.3	 46006.3	 45645.9	 14144.5	 45827.6	 44925.1	 46907.2
9.04297e+03	 46087	 46087	 46087	 46087	 46087	 45726.6	 14225.2	 45908.3	 45005.8	 46987.8
9.06250e+03	 46167.7	 46167.7	 46167.7	 46167.7	 46167.7	 45807.2	 14305.9	 45988.9	 45086.5	 47068.5
9.08203e+03	 46248.3	 46248.3	 46248.3	 46248.3	 46248.3	 45887.9	 14386.6	 46069.6	 45167.2	 47149.1
9.10156e+03	 46329	 46329	 46329	 46329	 46329	 45968.6	 14467.3	 46150.2	 45247.9	 47229.8
9.12109e+03	 46409.7	 46409.7	 46409.7	 46409.7	 46409.7	 46049.3	 14548	 46230.9	 45328.5	 47310.4
9.14062e+03	 46490.4	 46490.4	 46490.4	 46490.4	 46490.4	 46130	 14628.8	 46311.5	 45409.2	 47391.1
9.16016e+03	 46571	 46571	 46571	 46571	 46571	 46210.7	 14709.5	 46392.2	 45489.9	 47471.7
9.17969e+03	 46651.7	 46651.7	 46651.7	 46651.7	 46651.7	 46291.3	 14790.2	 46472.8	 45570.6	 47552.4
9.19922e+03	 46732.4	 46732.4	 46732.4	 46732.4	 46732.4	 46372	 14870.9	 46553.4	 45651.3	 47633.1
9.21875e+03	 46813.1	 46813.1	 46813.1	 46813.1	 46813.1	 46452.7	 14951.6	 46634.1	 45732	 47713.7
9.23828e+03	 46893.7	 46893.7	 46893.7	 46893.7	 46893.7	 46533.4	 15032.3	 46714.7	 45812.7	 47794.4
9.25781e+03	 46974.4	 46974.4	 46974.4	 46974.4	 46974.4	 46614.1	 15113	 46795.4	 45893.4	 47875
9.27734e+03	 47055.1	 47055.1	 47055.1	 47055.1	 47055.1	 46694.8	 15193.7	 46876	 45974.1	 47955.7
9.29688e+03	 47135.7	 47135.7	 47135.7	 47135.7	 47135.7	 46775.4	 15274.4	 46956.7	 46054.8	 48036.3
9.31641e+03	 47216.4	 47216.4	 47216.4	 47216.4	 47216.4	 46856.1	 15355.2	 47037.3	 46135.5	 48117
9.33594e+03	 47297.1	 47297.1	 47297.1	 47297.1	 47297.1	 46936.8	 15435.9	 47118	 46216.2	 48197.7
9.35547e+03	 47377.8	 47377.8	 47377.8	 47377.8	 47377.8	 47017.5	 15516.6	 47198.6	 46296.9	 48278.3
9.37500e+03	 47458.4	 47458.4	 47458.4	 47458.4	 47458.4	 47098.2	 15597.3	 47279.3	 46377.6	 48359
9.39453e+03	 47539.1	 47539.1	 47539.1	 47539.1	 47539.1	 47178.8	 15678	 47359.9	 46458.3	 48439.6
9.41406e+03	 47619.8	 47619.8	 47619.8	 47619.8	 47619.8	 47259.5	 15758.7	 47440.6	 46539	 48520.3
9.43359e+03	 47700.5	 47700.5	 47700.5	 47700.5	 47700.5	 47340.2	 15839.4	 47521.2	 46619.7	 48600.9
9.45312e+03	 47781.1	 47781.1	 47781.1	 47781.1	 47781.1	 47420.9	 15920.1	 47601.9	 46700.4	 48681.6
9.47266e+03	 47861.8	 47861.8	 47861.8	 47861.8	 47861.8	 47501.6	 16000.8	 47682.5	 46781.1	 48762.3
9.49219e+03	 47942.5	 47942.5	 47942.5	 47942.5	 47942.5	 47582.3	 16081.5	 47763.2	 46861.8	 48842.9
9.51172e+03	 48023.2	 48023.2	 48023.2	 48023.2	 48023.2	 47662.9	 16162.3	 47843.8	 46942.5	 48923.6
9.53125e+03	 48103.8	 48103.8	 48103.8	 48103.8	 48103.8	 47743.6	 16243	 47924.5	 47023.2	 49004.2
9.55078e+03	 48184.5	 48184.5	 48184.5	 48184.5	 48184.5	 47824.3	 16323.7	 48005.1	 47103.9	 49084.9
9.57031e+03	 48265.2	 48265.2	 48265.2	 48265.2	 48265.2	 47905	 16404.4	 48085.8	 47184.6	 49165.5
9.58984e+03	 48345.9	 48345.9	 48345.9	 48345.9	 48345.9	 47985.7	 16485.1	 48166.4	 47265.3	 49246.2
9.60938e+03	 48426.5	 48426.5	 48426.5	 48426.5	 48426.5	 48066.4	 16565.8	 48247	 47346	 49326.9
9.62891e+03	 48507.2	 48507.2	 48507.2	 48507.2	 48507.2	 48147	 16646.5	 48327.7	 47426.7	 49407.5
9.64844e+03	 48587.9	 48587.9	 48587.9	 48587.9	 48587.9	 48227.7	 16727.2	 48408.3	 47507.4	 49488.2
9.66797e+03	 48668.5	 48668.5	 48668.5	 48668.5	 48668.5	 48308.4	 16807.9	 48489	 47588.1	 49568.8
9.68750e+03	 48749.2	 48749.2	 48749.2	 48749.2	 48749.2	 48389.1	 16888.6	 48569.6	 47668.8	 49649.5
9.70703e+03	 48829.9	 48829.9	 48829.9	 48829.9	 48829.9	 48469.8	 16969.4	 48650.3	 47749.5	 49730.1
9.72656e+03	 48910.6	 48910.6	 48910.6	 48910.6	 48910.6	 48550.4	 17050.1	 48730.9	 47830.2	 49810.8
9.74609e+03	 48991.2	 48991.2	 48991.2	 48991.2	 48991.2	 48631.1	 17130.8	 48811.6	 47910.9	 49891.5
9.76562e+03	 49071.9	 49071.9	 49071.9	 49071.9	 49071.9	 48711.8	 17211.5	 48892.2	 47991.6	 49972.1
9.78516e+03	 49152.6	 49152.6	 49152.6	 49152.6	 49152.6	 48792.5	 17292.2	 48972.9	 48072.3	 50052.8
9.80469e+03	 49233.3	 49233.3	 49233.3	 49233.3	 49233.3	 48873.2	 17372.9	 49053.5	 48153	 50133.4
9.82422e+03	 49313.9	 49313.9	 49313.9	 49313.9	 49313.9	 48953.9	 17453.6	 49134.2	 48233.7	 50214.1
9.84375e+03	 49394.6	 49394.6	 49394.6	 49394.6	 49394.6	 49034.5	 17534.3	 49214.8	 48314.4	 50294.7
9.86328e+03	 49475.3	 49475.3	 49475.3	 49475.3	 49475.3	 49115.2	 17615	 49295.5	 48395.1	 50375.4
9.88281e+03	 49556	 49556	 49556	 49556	 49556	 49195.9	 17695.7	 49376.1	 48475.8	 50456.1
9.90234e+03	 49636.6	 49636.6	 49636.6	 49636.6	 49636.6	 49276.6	 17776.5	 49456.8	 48556.5	 50536.7
9.92188e+03	 49717.3	 49717.3	 49717.3	 49717.3	 49717.3	 49357.3	 17857.2	 49537.4	 48637.2	 50617.4
9.94141e+03	 49798	 49798	 49798	 49798	 49798	 49438	 17937.9	 49618.1	 48717.9	 50698
9.96094e+03	 49878.7	 49878.7	 49878.7	 49878.7	 49878.7	 49518.6	 18018.6	 49698.7	 48798.6	 50778.7
9.98047e+03	 49959.3	 49959.3	 49959.3	 49959.3	 49959.3	 49599.3	 18099.3	 49779.4	 48879.3	 50859.3
1.00000e+04	 50040	 50040	 50040	 50040	 50040	 49680	 18180	 49860	 48960	 50940
1.00195e+04	 50120.7	 50120.7	 50120.7	 50120.7	 50120.7	 49760.7	 18260.7	 49940.6	 49040.7	 51020.7
1.00391e+04	 50201.3	 50201.3	 50201.3	 50201.3	 50201.3	 49841.4	 18341.4	 50021.3	 49121.4	 51101.3
1.00586e+04	 50282	 50282	 50282	 50282	 50282	 49922	 18422.1	 50101.9	 49202.1	 51182
1.00781e+04	 50362.7	 50362.7	 50362.7	 50362.7	 50362.7	 50002.7	 18502.8	 50182.6	 49282.8	 51262.6
1.00977e+04	 50443.4	 50443.4	 50443.4	 50443.4	 50443.4	 50083.4	 18583.5	 50263.2	 49363.5	 51343.3
1.01172e+04	 50524	 50524	 50524	 50524	 50524	 50164.1	 18664.3	 50343.9	 49444.2	 51423.9
1.01367e+04	 50604.7	 50604.7	 50604.7	 50604.7	 50604.7	 50244.8	 18745	 50424.5	 49524.9	 51504.6
1.01562e+04	 50685.4	 50685.4	 50685.4	 50685.4	 50685.4	 50325.5	 18825.7	 50505.2	 49605.6	 51585.3
1.01758e+04	 50766.1	 50766.1	 50766.1	 50766.1	 50766.1	 50406.1	 18906.4	 50585.8	 49686.3	 51665.9
1.01953e+04	 50846.7	 50846.7	 50846.7	 50846.7	 50846.7	 50486.8	 18987.1	 50666.5	 49767	 51746.6
1.02148e+04	 50927.4	 50927.4	 50927.4	 50927.4	 50927.4	 50567.5	 19067.8	 50747.1	 49847.7	 51827.2
1.02344e+04	 51008.1	 51008.1	 51008.1	 51008.1	 51008.1	 50648.2	 19148.5	 50827.8	 49928.4	 51907.9
1.02539e+04	 51088.8	 51088.8	 51088.8	 51088.8	 51088.8	 50728.9	 19229.2	 50908.4	 50009.1	 51988.5
1.02734e+04	 51169.4	 51169.4	 51169.4	 51169.4	 51169.4	 50809.6	 19309.9	 50989.1	 50089.8	 52069.2
1.02930e+04	 51250.1	 51250.1	 51250.1	 51250.1	 51250.1	 50890.2	 19390.6	 51069.7	 50170.5	 52149.9
1.03125e+04	 51330.8	 51330.8	 51330.8	 51330.8	 51330.8	 50970.9	 19471.4	 51150.4	 50251.2	 52230.5
1.03320e+04	 51411.5	 51411.5	 51411.5	 51411.5	 51411.5	 51051.6	 19552.1	 51231	 50331.9	 52311.2
1.03516e+04	 51492.1	 51492.1	 51492.1	 51492.1	 51492.1	 51132.3	 19632.8	 51311.7	 50412.6	 52391.8
1.03711e+04	 51572.8	 51572.8	 51572.8	 51572.8	 51572.8	 51213	 19713.5	 51392.3	 50493.3	 52472.5
1.03906e+04	 51653.5	 51653.5	 51653.5	 51653.5	 51653.5	 51293.6	 19794.2	 51473	 50574	 52553.1
1.04102e+04	 51734.1	 51734.1	 51734.1	 51734.1	 51734.1	 51374.3	 19874.9	 51553.6	 50654.7	 52633.8
1.04297e+04	 51814.8	 51814.8	 51814.8	 51814.8	 51814.8	 51455	 19955.6	 51634.2	 50735.4	 52714.5
1.04492e+04	 51895.5	 51895.5	 51895.5	 51895.5	 51895.5	 51535.7	 20036.3	 51714.9	 50816.1	 52795.1
1.04688e+04	 51976.2	 51976.2	 51976.2	 51976.2	 51976.2	 51616.4	 20117	 51795.5	 50896.8	 52875.8
1.04883e+04	 52056.8	 52056.8	 52056.8	 52056.8	 52056.8	 51697.1	 20197.7	 51876.2	 50977.5	 52956.4
1.05078e+04	 52137.5	 52137.5	 52137.5	 52137.5	 52137.5	 51777.7	 20278.5	 51956.8	 51058.2	 53037.1
1.05273e+04	 52218.2	 52218.2	 52218.2	 52218.2	 52218.2	 51858.4	 20359.2	 52037.5	 51138.9	 53117.7
1.05469e+04	 52298.9	 52298.9	 52298.9	 52298.9	 52298.9	 51939.1	 20439.9	 52118.1	 51219.6	 53198.4
1.05664e+04	 52379.5	 52379.5	 52379.5	 52379.5	 52379.5	 52019.8	 20520.6	 52198.8	 51300.3	 53279.1
1.05859e+04	 52460.2	 52460.2	 52460.2	 52460.2	 52460.2	 52100.5	 20601.3	 52279.4	 51381	 53359.7
1.06055e+04	 52540.9	 52540.9	 52540.9	 52540.9	 52540.9	 52181.2	 20682	 52360.1	 51461.7	 53440.4
1.06250e+04	 52621.6	 52621.6	 52621.6	 52621.6	 52621.6	 52261.8	 20762.7	 52440.7	 51542.4	 53521
1.06445e+04	 52702.2	 52702.2	 52702.2	 52702.2	 52702.2	 52342.5	 20843.4	 52521.4	 51623.1	 53601.7
1.06641e+04	 52782.9	 52782.9	 52782.9	 52782.9	 52782.9	 52423.2	 20924.1	 52602	 51703.8	 53682.3
1.06836e+04	 52863.6	 52863.6	 52863.6	 52863.6	 52863.6	 52503.9	 21004.8	 52682.7	 51784.5	 53763
1.07031e+04	 52944.3	 52944.3	 52944.3	 52944.3	 52944.3	 52584.6	 21085.6	 52763.3	 51865.2	 53843.7
1.07227e+04	 53024.9	 53024.9	 53024.9	 53024.9	 53024.9	 52665.2	 21166.3	 52844	 51945.9	 53924.3
1.07422e+04	 53105.6	 53105.6	 53105.6	 53105.6	 53105.6	 52745.9	 21247	 52924.6	 52026.6	 54005
1.07617e+04	 53186.3	 53186.3	 53186.3	 53186.3	 53186.3	 52826.6	 21327.7	 53005.3	 52107.3	 54085.6
1.07812e+04	 53266.9	 53266.9	 53266.9	 53266.9	 53266.9	 52907.3	 21408.4	 53085.9	 52188	 54166.3
1.08008e+04	 53347.6	 53347.6	 53347.6	 53347.6	 53347.6	 52988	 21489.1	 53166.6	 52268.7	 54246.9
1.08203e+04	 53428.3	 53428.3	 53428.3	 53428.3	 53428.3	 53068.7	 21569.8	 53247.2	 52349.4	 54327.6
1.08398e+04	 53509	 53509	 53509	 53509	 53509	 53149.3	 21650.5	 53327.8	 52430.1	 54408.3
1.08594e+04	 53589.6	 53589.6	 53589.6	 53589.6	 53589.6	 53230	 21731.2	 53408.5	 52510.8	 54488.9
1.08789e+04	 53670.3	 53670.3	 53670.3	 53670.3	 53670.3	 53310.7	 21812	 53489.1	 52591.5	 54569.6
1.08984e+04	 53751	 53751	 53751	 53751	 53751	 53391.4	 21892.7	 53569.8	 52672.1	 54650.2
1.09180e+04	 53831.7	 53831.7	 53831.7	 53831.7	 53831.7	 53472.1	 21973.4	 53650.4	 52752.8	 54730.9
1.09375e+04	 53912.3	 53912.3	 53912.3	 53912.3	 53912.3	 53552.8	 22054.1	 53731.1	 52833.5	 54811.5
1.09570e+04	 53993	 53993	 53993	 53993	 53993	 53633.4	 22134.8	 53811.7	 52914.2	 54892.2
1.09766e+04	 54073.7	 54073.7	 54073.7	 54073.7	 54073.7	 53714.1	 22215.5	 53892.4	 52994.9	 54972.8
1.09961e+04	 54154.4	 54154.4	 54154.4	 54154.4	 54154.4	 53794.8	 22296.2	 53973	 53075.6	 55053.5
1.10156e+04	 54235	 54235	 54235	 54235	 54235	 53875.5	 22376.9	 54053.7	 53156.3	 55134.2
1.10352e+04	 54315.7	 54315.7	 54315.7	 54315.7	 54315.7	 53956.2	 22457.6	 54134.3	 53237	 55214.8
1.10547e+04	 54396.4	 54396.4	 54396.4	 54396.4	 54396.4	 54036.8	 22538.3	 54215	 53317.7	 55295.5
1.10742e+04	 54477.1	 54477.1	 54477.1	 54477.1	 54477.1	 54117.5	 22619.1	 54295.6	 53398.4	 55376.1
1.10938e+04	 54557.7	 54557.7	 54557.7	 54557.7	 54557.7	 54198.2	 22699.8	 54376.3	 53479.1	 55456.8
1.11133e+04	 54638.4	 54638.4	 54638.4	 54638.4	 54638.4	 54278.9	 22780.5	 54456.9	 53559.8	 55537.4
1.11328e+04	 54719.1	 54719.1	 54719.1	 54719.1	 54719.1	 54359.6	 22861.2	 54537.5	 53640.5	 55618.1
1.11523e+04	 54799.7	 54799.7	 54799.7	 54799.7	 54799.7	 54440.3	 22941.9	 54618.2	 53721.2	 55698.8
1.11719e+04	 54880.4	 54880.4	 54880.4	 54880.4	 54880.4	 54520.9	 23022.6	 54698.8	 53801.9	 55779.4
1.11914e+04	 54961.1	 54961.1	 54961.1	 54961.1	 54961.1	 54601.6	 23103.3	 54779.5	 53882.6	 55860.1
1.12109e+04	 55041.8	 55041.8	 55041.8	 55041.8	 55041.8	 54682.3	 23184	 54860.1	 53963.3	 55940.7
1.12305e+04	 55122.4	 55122.4	 55122.4	 55122.4	 55122.4	 54763	 23264.7	 54940.8	 54044	 56021.4
1.12500e+04	 55203.1	 55203.1	 55203.1	 55203.1	 55203.1	 54843.7	 23345.5	 55021.4	 54124.7	 56102
1.12695e+04	 55283.8	 55283.8	 55283.8	 55283.8	 55283.8	 54924.4	 23426.2	 55102.1	 54205.4	 56182.7
1.12891e+04	 55364.5	 55364.5	 55364.5	 55364.5	 55364.5	 55005	 23506.9	 55182.7	 54286.1	 56263.3
1.13086e+04	 55445.1	 55445.1	 55445.1	 55445.1	 55445.1	 55085.7	 23587.6	 55263.4	 54366.8	 56344
1.13281e+04	 55525.8	 55525.8	 55525.8	 55525.8	 55525.8	 55166.4	 23668.3	 55344	 54447.5	 56424.7
1.13477e+04	 55606.5	 55606.5	 55606.5	 55606.5	 55606.5	 55247.1	 23749	 55424.7	 54528.2	 56505.3
1.13672e+04	 55687.2	 55687.2	 55687.2	 55687.2	 55687.2	 55327.8	 23829.7	 55505.3	 54608.9	 56586
1.13867e+04	 55767.8	 55767.8	 55767.8	 55767.8	 55767.8	 55408.4	 23910.4	 55586	 54689.6	 56666.6
1.14062e+04	 55848.5	 55848.5	 55848.5	 55848.5	 55848.5	 55489.1	 23991.1	 55666.6	 54770.3	 56747.3
1.14258e+04	 55929.2	 55929.2	 55929.2	 55929.2	 55929.2	 55569.8	 24071.8	 55747.2	 54851	 56827.9
1.14453e+04	 56009.8	 56009.8	 56009.8	 56009.8	 56009.8	 55650.5	 24152.6	 55827.9	 54931.7	 56908.6
1.14648e+04	 56090.5	 56090.5	 56090.5	 56090.5	 56090.5	 55731.2	 24233.3	 55908.5	 55012.4	 56989.3
1.14844e+04	 56171.2	 56171.2	 56171.2	 56171.2	 56171.2	 55811.9	 24314	 55989.2	 55093.1	 57069.9
1.15039e+04	 56251.9	 56251.9	 56251.9	 56251.9	 56251.9	 55892.5	 24394.7	 56069.8	 55173.8	 57150.6
1.15234e+04	 56332.5	 56332.5	 56332.5	 56332.5	 56332.5	 55973.2	 24475.4	 56150.5	 55254.5	 57231.2
1.15430e+04	 56413.2	 56413.2	 56413.2	 56413.2	 56413.2	 56053.9	 24556.1	 56231.1	 55335.2	 57311.9
1.15625e+04	 56493.9	 56493.9	 56493.9	 56493.9	 56493.9	 56134.6	 24636.8	 56311.8	 55415.9	 57392.5
1.15820e+04	 56574.5	 56574.5	 56574.5	 56574.5	 56574.5	 56215.3	 24717.6	 56392.4	 55496.6	 57473.2
1.16016e+04	 56655.2	 56655.2	 56655.2	 56655.2	 56655.2	 56296	 24798.2	 56473	 55577.3	 57553.8
1.16211e+04	 56735.9	 56735.9	 56735.9	 56735.9	 56735.9	 56376.6	 24879	 56553.7	 55658	 57634.5
1.16406e+04	 56816.6	 56816.6	 56816.6	 56816.6	 56816.6	 56457.3	 24959.7	 56634.4	 55738.7	 57715.2
1.16602e+04	 56897.3	 56897.3	 56897.3	 56897.3	 56897.3	 56538	 25040.4	 56715	 55819.4	 57795.8
1.16797e+04	 56977.9	 56977.9	 56977.9	 56977.9	 56977.9	 56618.7	 25121.1	 56795.6	 55900.1	 57876.4
1.16992e+04	 57058.6	 57058.6	 57058.6	 57058.6	 57058.6	 56699.4	 25201.8	 56876.3	 55980.8	 57957.1
1.17188e+04	 57139.3	 57139.3	 57139.3	 57139.3	 57139.3	 56780.1	 25282.5	 56956.9	 56061.5	 58037.8
1.17383e+04	 57219.9	 57219.9	 57219.9	 57219.9	 57219.9	 56860.7	 25363.2	 57037.6	 56142.2	 58118.4
1.17578e+04	 57300.6	 57300.6	 57300.6	 57300.6	 57300.6	 56941.4	 25444	 57118.2	 56222.9	 58199.1
1.17773e+04	 57381.3	 57381.3	 57381.3	 57381.3	 57381.3	 57022.1	 25524.7	 57198.9	 56303.6	 58279.7
1.17969e+04	 57462	 57462	 57462	 57462	 57462	 57102.8	 25605.4	 57279.5	 56384.3	 58360.4
1.18164e+04	 57542.6	 57542.6	 57542.6	 57542.6	 57542.6	 57183.4	 25686.1	 57360.2	 56465	 58441.1
1.18359e+04	 57623.3	 57623.3	 57623.3	 57623.3	 57623.3	 57264.1	 25766.8	 57440.8	 56545.7	 58521.7
1.18555e+04	 57704	 57704	 57704	 57704	 57704	 57344.8	 25847.5	 57521.4	 56626.4	 58602.3
1.18750e+04	 57784.6	 57784.6	 57784.6	 57784.6	 57784.6	 57425.5	 25928.2	 57602.1	 56707.1	 58683
1.18945e+04	 57865.3	 57865.3	 57865.3	 57865.3	 57865.3	 57506.2	 26008.9	 57682.7	 56787.8	 58763.7
1.19141e+04	 57946	 57946	 57946	 57946	 57946	 57586.9	 26089.6	 57763.4	 56868.5	 58844.3
1.19336e+04	 58026.7	 58026.7	 58026.7	 58026.7	 58026.7	 57667.5	 26170.4	 57844	 56949.2	 58925
1.19531e+04	 58107.3	 58107.3	 58107.3	 58107.3	 58107.3	 57748.2	 26251.1	 57924.7	 57029.9	 59005.7
1.19727e+04	 58188	 58188	 58188	 58188	 58188	 57828.9	 26331.8	 58005.3	 57110.6	 59086.2
1.19922e+04	 58268.7	 58268.7	 58268.7	 58268.7	 58268.7	 57909.6	 26412.5	 58086	 57191.3	 59167
1.20117e+04	 58349.3	 58349.3	 58349.3	 58349.3	 58349.3	 57990.3	 26493.2	 58166.6	 57272	 59247.6
1.20312e+04	 58430.1	 58430.1	 58430.1	 58430.1	 58430.1	 58071	 26573.9	 58247.2	 57352.7	 59328.2
1.20508e+04	 58510.7	 58510.7	 58510.7	 58510.7	 58510.7	 58151.6	 26654.6	 58327.9	 57433.4	 59408.9
1.20703e+04	 58591.4	 58591.4	 58591.4	 58591.4	 58591.4	 58232.3	 26735.4	 58408.6	 57514.1	 59489.6
1.20898e+04	 58672.1	 58672.1	 58672.1	 58672.1	 58672.1	 58313	 26816	 58489.1	 57594.8	 59570.1
1.21094e+04	 58752.7	 58752.7	 58752.7	 58752.7	 58752.7	 58393.7	 26896.8	 58569.8	 57675.5	 59650.8
1.21289e+04	 58833.4	 58833.4	 58833.4	 58833.4	 58833.4	 58474.3	 26977.5	 58650.5	 57756.2	 59731.6
1.21484e+04	 58914.1	 58914.1	 58914.1	 58914.1	 58914.1	 58555.1	 27058.2	 58731.1	 57836.9	 59812.1
1.21680e+04	 58994.8	 58994.8	 58994.8	 58994.8	 58994.8	 58635.8	 27138.9	 58811.7	 57917.6	 59892.8
1.21875e+04	 59075.4	 59075.4	 59075.4	 59075.4	 59075.4	 58716.4	 27219.7	 58892.4	 57998.3	 59973.6
1.22070e+04	 59156.1	 59156.1	 59156.1	 59156.1	 59156.1	 58797.1	 27300.3	 58973	 58079	 60054.1
1.22266e+04	 59236.8	 59236.8	 59236.8	 59236.8	 59236.8	 58877.8	 27381	 59053.6	 58159.8	 60134.7
1.22461e+04	 59317.4	 59317.4	 59317.4	 59317.4	 59317.4	 58958.4	 27461.8	 59134.4	 58240.4	 60215.5
1.22656e+04	 59398.1	 59398.1	 59398.1	 59398.1	 59398.1	 59039.2	 27542.5	 59214.9	 58321.1	 60296.1
1.22852e+04	 59478.8	 59478.8	 59478.8	 59478.8	 59478.8	 59119.9	 27623.1	 59295.6	 58401.9	 60376.7
1.23047e+04	 59559.4	 59559.4	 59559.4	 59559.4	 59559.4	 59200.5	 27704	 59376.3	 58482.5	 60457.5
1.23242e+04	 59640.1	 59640.1	 59640.1	 59640.1	 59640.1	 59281.2	 27784.6	 59456.9	 58563.2	 60538.1
1.23438e+04	 59720.8	 59720.8	 59720.8	 59720.8	 59720.8	 59361.9	 27865.3	 59537.5	 58644	 60618.6
1.23633e+04	 59801.4	 59801.4	 59801.4	 59801.4	 59801.4	 59442.5	 27946.1	 59618.2	 58724.6	 60699.5
1.23828e+04	 59882.1	 59882.1	 59882.1	 59882.1	 59882.1	 59523.2	 28026.8	 59698.8	 58805.3	 60780
1.24023e+04	 59962.9	 59962.9	 59962.9	 59962.9	 59962.9	 59604	 28107.4	 59779.4	 58886.1	 60860.6
1.24219e+04	 60043.4	 60043.4	 60043.4	 60043.4	 60043.4	 59684.6	 28188.2	 59860.1	 58966.7	 60941.4
1.24414e+04	 60124.1	 60124.1	 60124.1	 60124.1	 60124.1	 59765.3	 28268.9	 59940.8	 59047.4	 61022
1.24609e+04	 60204.9	 60204.9	 60204.9	 60204.9	 60204.9	 59846	 28349.5	 60021.3	 59128.2	 61102.5
1.24805e+04	 60285.5	 60285.5	 60285.5	 60285.5	 60285.5	 59926.6	 28430.4	 60102.1	 59208.8	 61183.3
1.25000e+04	 60366.1	 60366.1	 60366.1	 60366.1	 60366.1	 60007.3	 28511.1	 60182.7	 59289.5	 61264
1.25195e+04	 60446.9	 60446.9	 60446.9	 60446.9	 60446.9	 60088.1	 28591.7	 60263.2	 59370.3	 61344.5
1.25391e+04	 60527.5	 60527.5	 60527.5	 60527.5	 60527.5	 60168.7	 28672.5	 60344	 59450.9	 61425.3
1.25586e+04	 60608.1	 60608.1	 60608.1	 60608.1	 60608.1	 60249.3	 28753.2	 60424.6	 59531.6	 61506
1.25781e+04	 60688.9	 60688.9	 60688.9	 60688.9	 60688.9	 60330.1	 28833.8	 60505.2	 59612.4	 61586.4
1.25977e+04	 60769.5	 60769.5	 60769.5	 60769.5	 60769.5	 60410.7	 28914.6	 60585.9	 59693.1	 61667.2
1.26172e+04	 60850.1	 60850.1	 60850.1	 60850.1	 60850.1	 60491.4	 28995.4	 60666.6	 59773.7	 61748
1.26367e+04	 60930.9	 60930.9	 60930.9	 60930.9	 60930.9	 60572.2	 29076	 60747.1	 59854.5	 61828.4
1.26562e+04	 61011.6	 61011.6	 61011.6	 61011.6	 61011.6	 60652.8	 29156.7	 60827.8	 59935.2	 61909.1
1.26758e+04	 61092.2	 61092.2	 61092.2	 61092.2	 61092.2	 60733.4	 29237.6	 60908.5	 60015.8	 61990
1.26953e+04	 61172.9	 61172.9	 61172.9	 61172.9	 61172.9	 60814.2	 29318.1	 60989	 60096.6	 62070.4
1.27148e+04	 61253.6	 61253.6	 61253.6	 61253.6	 61253.6	 60894.9	 29398.9	 61069.7	 60177.3	 62151
1.27344e+04	 61334.2	 61334.2	 61334.2	 61334.2	 61334.2	 60975.5	 29479.7	 61150.4	 60257.9	 62231.9
1.27539e+04	 61414.9	 61414.9	 61414.9	 61414.9	 61414.9	 61056.2	 29560.3	 61231	 60338.7	 62312.3
1.27734e+04	 61495.6	 61495.6	 61495.6	 61495.6	 61495.6	 61136.9	 29641	 61311.6	 60419.4	 62393
1.27930e+04	 61576.2	 61576.2	 61576.2	 61576.2	 61576.2	 61217.5	 29721.8	 61392.4	 60500	 62473.9
1.28125e+04	 61656.9	 61656.9	 61656.9	 61656.9	 61656.9	 61298.3	 29802.5	 61472.9	 60580.8	 62554.3
1.28320e+04	 61737.6	 61737.6	 61737.6	 61737.6	 61737.6	 61379	 29883.1	 61553.5	 60661.5	 62634.9
1.28516e+04	 61818.2	 61818.2	 61818.2	 61818.2	 61818.2	 61459.6	 29964	 61634.3	 60742.1	 62715.8
1.28711e+04	 61898.9	 61898.9	 61898.9	 61898.9	 61898.9	 61540.3	 30044.6	 61714.8	 60822.9	 62796.3
1.28906e+04	 61979.7	 61979.7	 61979.7	 61979.7	 61979.7	 61621	 30125.3	 61795.4	 60903.6	 62876.8
1.29102e+04	 62060.2	 62060.2	 62060.2	 62060.2	 62060.2	 61701.6	 30206.1	 61876.2	 60984.2	 62957.8
1.29297e+04	 62140.9	 62140.9	 62140.9	 62140.9	 62140.9	 61782.3	 30286.8	 61956.8	 61065	 63038.3
1.29492e+04	 62221.7	 62221.7	 62221.7	 62221.7	 62221.7	 61863.1	 30367.4	 62037.3	 61145.8	 63118.8
1.29688e+04	 62302.2	 62302.2	 62302.2	 62302.2	 62302.2	 61943.7	 30448.3	 62118.1	 61226.4	 63199.7
1.29883e+04	 62382.9	 62382.9	 62382.9	 62382.9	 62382.9	 62024.4	 30529	 62198.7	 61307.1	 63280.3
1.30078e+04	 62463.7	 62463.7	 62463.7	 62463.7	 62463.7	 62105.1	 30609.5	 62279.2	 61387.9	 63360.7
1.30273e+04	 62544.3	 62544.3	 62544.3	 62544.3	 62544.3	 62185.7	 30690.4	 62360	 61468.5	 63441.6
1.30469e+04	 62624.9	 62624.9	 62624.9	 62624.9	 62624.9	 62266.4	 30771.1	 62440.6	 61549.2	 63522.3
1.30664e+04	 62705.7	 62705.7	 62705.7	 62705.7	 62705.7	 62347.2	 30851.7	 62521.1	 61630	 63602.6
1.30859e+04	 62786.3	 62786.3	 62786.3	 62786.3	 62786.3	 62427.8	 30932.5	 62601.9	 61710.6	 63683.5
1.31055e+04	 62866.9	 62866.9	 62866.9	 62866.9	 62866.9	 62508.4	 31013.3	 62682.6	 61791.3	 63764.3
1.31250e+04	 62947.7	 62947.7	 62947.7	 62947.7	 62947.7	 62589.2	 31093.9	 62763.1	 61872.1	 63844.6
1.31445e+04	 63028.3	 63028.3	 63028.3	 63028.3	 63028.3	 62669.8	 31174.6	 62843.8	 61952.7	 63925.4
1.31641e+04	 63108.9	 63108.9	 63108.9	 63108.9	 63108.9	 62750.5	 31255.5	 62924.5	 62033.4	 64006.2
1.31836e+04	 63189.7	 63189.7	 63189.7	 63189.7	 63189.7	 62831.3	 31336	 63005	 62114.2	 64086.6
1.32031e+04	 63270.4	 63270.4	 63270.4	 63270.4	 63270.4	 62911.9	 31416.8	 63085.7	 62194.9	 64167.3
1.32227e+04	 63350.9	 63350.9	 63350.9	 63350.9	 63350.9	 62992.5	 31497.6	 63166.4	 62275.5	 64248.2
1.32422e+04	 63431.7	 63431.7	 63431.7	 63431.7	 63431.7	 63073.3	 31578.2	 63246.9	 62356.3	 64328.5
1.32617e+04	 63512.4	 63512.4	 63512.4	 63512.4	 63512.4	 63154	 31658.9	 63327.6	 62437	 64409.2
1.32812e+04	 63592.9	 63592.9	 63592.9	 63592.9	 63592.9	 63234.5	 31739.8	 63408.3	 62517.6	 64490.2
1.33008e+04	 63673.7	 63673.7	 63673.7	 63673.7	 63673.7	 63315.3	 31820.4	 63488.8	 62598.4	 64570.5
1.33203e+04	 63754.4	 63754.4	 63754.4	 63754.4	 63754.4	 63396	 31901	 63569.5	 62679.1	 64651.2
1.33398e+04	 63835	 63835	 63835	 63835	 63835	 63476.6	 31981.9	 63650.2	 62759.7	 64732.1
1.33594e+04	 63915.7	 63915.7	 63915.7	 63915.7	 63915.7	 63557.4	 32062.5	 63730.8	 62840.5	 64812.5
1.33789e+04	 63996.4	 63996.4	 63996.4	 63996.4	 63996.4	 63638.1	 32143.2	 63811.4	 62921.2	 64893.1
1.33984e+04	 64077	 64077	 64077	 64077	 64077	 63718.6	 32224.1	 63892.1	 63001.8	 64974
1.34180e+04	 64157.7	 64157.7	 64157.7	 64157.7	 64157.7	 63799.4	 32304.7	 63972.7	 63082.6	 65054.5
1.34375e+04	 64238.5	 64238.5	 64238.5	 64238.5	 64238.5	 63880.1	 32385.3	 64053.2	 63163.3	 65135
1.34570e+04	 64319	 64319	 64319	 64319	 64319	 63960.7	 32466.2	 64134	 63243.9	 65216
1.34766e+04	 64399.7	 64399.7	 64399.7	 64399.7	 64399.7	 64041.4	 32546.9	 64214.6	 63324.7	 65296.5
1.34961e+04	 64480.5	 64480.5	 64480.5	 64480.5	 64480.5	 64122.2	 32627.5	 64295.1	 63405.5	 65376.9
1.35156e+04	 64561	 64561	 64561	 64561	 64561	 64202.8	 32708.4	 64375.9	 63486.1	 65457.9
1.35352e+04	 64641.7	 64641.7	 64641.7	 64641.7	 64641.7	 64283.4	 32789.1	 64456.5	 63566.8	 65538.5
1.35547e+04	 64722.5	 64722.5	 64722.5	 64722.5	 64722.5	 64364.2	 32869.6	 64537	 63647.6	 65618.8
1.35742e+04	 64803	 64803	 64803	 64803	 64803	 64444.8	 32950.5	 64617.8	 63728.2	 65699.8
1.35938e+04	 64883.7	 64883.7	 64883.7	 64883.7	 64883.7	 64525.5	 33031.3	 64698.5	 63808.9	 65780.5
1.36133e+04	 64964.5	 64964.5	 64964.5	 64964.5	 64964.5	 64606.3	 33111.8	 64778.9	 63889.7	 65860.8
1.36328e+04	 65045.1	 65045.1	 65045.1	 65045.1	 65045.1	 64686.9	 33192.6	 64859.7	 63970.3	 65941.7
1.36523e+04	 65125.7	 65125.7	 65125.7	 65125.7	 65125.7	 64767.5	 33273.4	 64940.4	 64051	 66022.4
1.36719e+04	 65206.5	 65206.5	 65206.5	 65206.5	 65206.5	 64848.3	 33354	 65020.8	 64131.8	 66102.7
1.36914e+04	 65287.1	 65287.1	 65287.1	 65287.1	 65287.1	 64928.9	 33434.8	 65101.6	 64212.4	 66183.6
1.37109e+04	 65367.7	 65367.7	 65367.7	 65367.7	 65367.7	 65009.5	 33515.6	 65182.3	 64293.1	 66264.4
1.37305e+04	 65448.5	 65448.5	 65448.5	 65448.5	 65448.5	 65090.4	 33596.1	 65262.7	 64373.9	 66344.7
1.37500e+04	 65529.1	 65529.1	 65529.1	 65529.1	 65529.1	 65171	 33676.9	 65343.5	 64454.6	 66425.5
1.37695e+04	 65609.7	 65609.7	 65609.7	 65609.7	 65609.7	 65251.6	 33757.8	 65424.2	 64535.2	 66506.4
1.37891e+04	 65690.5	 65690.5	 65690.5	 65690.5	 65690.5	 65332.4	 33838.3	 65504.7	 64616	 66586.6
1.38086e+04	 65771.1	 65771.1	 65771.1	 65771.1	 65771.1	 65413.1	 33919	 65585.3	 64696.7	 66667.3
1.38281e+04	 65851.7	 65851.7	 65851.7	 65851.7	 65851.7	 65493.6	 34000	 65666.1	 64777.3	 66748.3
1.38477e+04	 65932.5	 65932.5	 65932.5	 65932.5	 65932.5	 65574.4	 34080.5	 65746.6	 64858.1	 66828.6
1.38672e+04	 66013.2	 66013.2	 66013.2	 66013.2	 66013.2	 65655.1	 34161.2	 65827.2	 64938.8	 66909.2
1.38867e+04	 66093.7	 66093.7	 66093.7	 66093.7	 66093.7	 65735.7	 34242.1	 65908	 65019.4	 66990.3
1.39062e+04	 66174.5	 66174.5	 66174.5	 66174.5	 66174.5	 65816.5	 34322.7	 65988.5	 65100.2	 67070.6
1.39258e+04	 66255.2	 66255.2	 66255.2	 66255.2	 66255.2	 65897.2	 34403.3	 66069.1	 65181	 67151.1
1.39453e+04	 66335.7	 66335.7	 66335.7	 66335.7	 66335.7	 65977.7	 34484.3	 66149.9	 65261.5	 67232.2
1.39648e+04	 66416.5	 66416.5	 66416.5	 66416.5	 66416.5	 66058.5	 34564.9	 66230.4	 65342.3	 67312.6
1.39844e+04	 66497.2	 66497.2	 66497.2	 66497.2	 66497.2	 66139.3	 34645.5	 66310.9	 65423.1	 67393
1.40039e+04	 66577.7	 66577.7	 66577.7	 66577.7	 66577.7	 66219.8	 34726.4	 66391.8	 65503.7	 67474.1
1.40234e+04	 66658.4	 66658.4	 66658.4	 66658.4	 66658.4	 66300.5	 34807.1	 66472.3	 65584.4	 67554.6
1.40430e+04	 66739.2	 66739.2	 66739.2	 66739.2	 66739.2	 66381.3	 34887.6	 66552.8	 65665.2	 67634.9
1.40625e+04	 66819.7	 66819.7	 66819.7	 66819.7	 66819.7	 66461.8	 34968.6	 66633.7	 65745.8	 67716
1.40820e+04	 66900.4	 66900.4	 66900.4	 66900.4	 66900.4	 66542.5	 35049.3	 66714.2	 65826.5	 67796.6
1.41016e+04	 66981.3	 66981.3	 66981.3	 66981.3	 66981.3	 66623.4	 35129.8	 66794.7	 65907.4	 67876.8
1.41211e+04	 67061.7	 67061.7	 67061.7	 67061.7	 67061.7	 66703.9	 35210.7	 66875.5	 65987.9	 67957.9
1.41406e+04	 67142.4	 67142.4	 67142.4	 67142.4	 67142.4	 66784.5	 35291.5	 66956.1	 66068.6	 68038.6
1.41602e+04	 67223.3	 67223.3	 67223.3	 67223.3	 67223.3	 66865.4	 35371.9	 67036.6	 66149.5	 68118.7
1.41797e+04	 67303.8	 67303.8	 67303.8	 67303.8	 67303.8	 66946	 35452.8	 67117.4	 66230.1	 68199.8
1.41992e+04	 67384.4	 67384.4	 67384.4	 67384.4	 67384.4	 67026.6	 35533.7	 67198.1	 66310.7	 68280.6
1.42188e+04	 67465.3	 67465.3	 67465.3	 67465.3	 67465.3	 67107.5	 35614.1	 67278.4	 66391.6	 68360.6
1.42383e+04	 67545.8	 67545.8	 67545.8	 67545.8	 67545.8	 67188	 35695	 67359.2	 66472.2	 68441.6
1.42578e+04	 67626.3	 67626.3	 67626.3	 67626.3	 67626.3	 67268.6	 35775.9	 67440	 66552.8	 68522.5
1.42773e+04	 67707.2	 67707.2	 67707.2	 67707.2	 67707.2	 67349.5	 35856.3	 67520.3	 66633.7	 68602.6
1.42969e+04	 67787.8	 67787.8	 67787.8	 67787.8	 67787.8	 67430.1	 35937.1	 67601.1	 66714.4	 68683.5
1.43164e+04	 67868.3	 67868.3	 67868.3	 67868.3	 67868.3	 67510.6	 36018.1	 67681.9	 66794.9	 68764.5
1.43359e+04	 67949.2	 67949.2	 67949.2	 67949.2	 67949.2	 67591.5	 36098.5	 67762.2	 66875.8	 68844.5
1.43555e+04	 68029.9	 68029.9	 68029.9	 68029.9	 68029.9	 67672.2	 36179.2	 67842.9	 66956.5	 68925.3
1.43750e+04	 68110.3	 68110.3	 68110.3	 68110.3	 68110.3	 67752.6	 36260.3	 67923.8	 67037.1	 69006.5
1.43945e+04	 68191.2	 68191.2	 68191.2	 68191.2	 68191.2	 67833.5	 36340.8	 68004.1	 67117.9	 69086.5
1.44141e+04	 68271.9	 68271.9	 68271.9	 68271.9	 68271.9	 67914.3	 36421.4	 68084.7	 67198.7	 69167.1
1.44336e+04	 68352.3	 68352.3	 68352.3	 68352.3	 68352.3	 67994.7	 36502.5	 68165.6	 67279.2	 69248.4
1.44531e+04	 68433.2	 68433.2	 68433.2	 68433.2	 68433.2	 68075.5	 36583	 68246	 67360	 69328.5
1.44727e+04	 68513.9	 68513.9	 68513.9	 68513.9	 68513.9	 68156.3	 36663.5	 68326.6	 67440.8	 69409
1.44922e+04	 68594.3	 68594.3	 68594.3	 68594.3	 68594.3	 68236.7	 36744.6	 68407.5	 67521.3	 69490.3
1.45117e+04	 68675.1	 68675.1	 68675.1	 68675.1	 68675.1	 68317.6	 36825.2	 68487.9	 67602.1	 69570.5
1.45312e+04	 68756	 68756	 68756	 68756	 68756	 68398.4	 36905.7	 68568.4	 67683	 69650.8
1.45508e+04	 68836.3	 68836.3	 68836.3	 68836.3	 68836.3	 68478.8	 36986.8	 68649.4	 67763.5	 69732.2
1.45703e+04	 68917.1	 68917.1	 68917.1	 68917.1	 68917.1	 68559.6	 37067.5	 68729.8	 67844.2	 69812.5
1.45898e+04	 68998	 68998	 68998	 68998	 68998	 68640.5	 37147.8	 68810.2	 67925.1	 69892.7
1.46094e+04	 69078.4	 69078.4	 69078.4	 69078.4	 69078.4	 68720.9	 37228.9	 68891.2	 68005.6	 69974.1
1.46289e+04	 69159.1	 69159.1	 69159.1	 69159.1	 69159.1	 68801.6	 37309.7	 68971.7	 68086.3	 70054.5
1.46484e+04	 69240	 69240	 69240	 69240	 69240	 68882.5	 37390	 69052.1	 68167.3	 70134.5
1.46680e+04	 69320.4	 69320.4	 69320.4	 69320.4	 69320.4	 68962.9	 37471.1	 69133	 68247.8	 70215.9
1.46875e+04	 69401	 69401	 69401	 69401	 69401	 69043.6	 37551.9	 69213.6	 68328.4	 70296.6
1.47070e+04	 69482	 69482	 69482	 69482	 69482	 69124.6	 37632.2	 69293.9	 68409.4	 70376.4
1.47266e+04	 69562.4	 69562.4	 69562.4	 69562.4	 69562.4	 69205	 37713.2	 69374.8	 68489.9	 70457.7
1.47461e+04	 69643	 69643	 69643	 69643	 69643	 69285.6	 37794.2	 69455.5	 68570.5	 70538.6
1.47656e+04	 69724	 69724	 69724	 69724	 69724	 69366.6	 37874.4	 69535.8	 68651.5	 70618.3
1.47852e+04	 69804.5	 69804.5	 69804.5	 69804.5	 69804.5	 69447.1	 37955.3	 69616.7	 68732.1	 70699.5
1.48047e+04	 69884.9	 69884.9	 69884.9	 69884.9	 69884.9	 69527.6	 38036.4	 69697.4	 68812.6	 70780.6
1.48242e+04	 69966	 69966	 69966	 69966	 69966	 69608.6	 38116.7	 69777.6	 68893.6	 70860.3
1.48438e+04	 70046.5	 70046.5	 70046.5	 70046.5	 70046.5	 69689.2	 38197.5	 69858.5	 68974.3	 70941.3
1.48633e+04	 70126.9	 70126.9	 70126.9	 70126.9	 70126.9	 69769.6	 38278.6	 69939.3	 69054.7	 71022.5
1.48828e+04	 70207.9	 70207.9	 70207.9	 70207.9	 70207.9	 69850.6	 38358.9	 70019.5	 69135.7	 71102.2
1.49023e+04	 70288.5	 70288.5	 70288.5	 70288.5	 70288.5	 69931.3	 38439.6	 70100.2	 69216.5	 71183.1
1.49219e+04	 70368.9	 70368.9	 70368.9	 70368.9	 70368.9	 70011.6	 38520.8	 70181.2	 69296.9	 71264.5
1.49414e+04	 70449.9	 70449.9	 70449.9	 70449.9	 70449.9	 70092.6	 38601.2	 70261.4	 69377.8	 71344.2
1.49609e+04	 70530.6	 70530.6	 70530.6	 70530.6	 70530.6	 70173.4	 38681.7	 70342	 69458.6	 71424.8
1.49805e+04	 70610.9	 70610.9	 70610.9	 70610.9	 70610.9	 70253.7	 38763	 70423.1	 69539	 71506.4
1.50000e+04	 70691.8	 70691.8	 70691.8	 70691.8	 70691.8	 70334.6	 38843.4	 70503.3	 69619.9	 71586.2
1.50195e+04	 70772.6	 70772.6	 70772.6	 70772.6	 70772.6	 70415.5	 38923.9	 70583.8	 69700.8	 71666.6
1.50391e+04	 70852.9	 70852.9	 70852.9	 70852.9	 70852.9	 70495.7	 39005.2	 70664.9	 69781.2	 71748.3
1.50586e+04	 70933.8	 70933.8	 70933.8	 70933.8	 70933.8	 70576.6	 39085.7	 70745.2	 69862	 71828.3
1.50781e+04	 71014.7	 71014.7	 71014.7	 71014.7	 71014.7	 70657.5	 39166	 70825.6	 69943	 71908.4
1.50977e+04	 71094.9	 71094.9	 71094.9	 71094.9	 71094.9	 70737.8	 39247.3	 70906.7	 70023.3	 71990.2
1.51172e+04	 71175.7	 71175.7	 71175.7	 71175.7	 71175.7	 70818.6	 39328	 70987.1	 70104.1	 72070.3
1.51367e+04	 71256.7	 71256.7	 71256.7	 71256.7	 71256.7	 70899.6	 39408.2	 71067.4	 70185.1	 72150.2
1.51562e+04	 71336.9	 71336.9	 71336.9	 71336.9	 71336.9	 70979.9	 39489.5	 71148.5	 70265.5	 72232
1.51758e+04	 71417.6	 71417.6	 71417.6	 71417.6	 71417.6	 71060.6	 39570.3	 71229	 70346.2	 72312.4
1.51953e+04	 71498.7	 71498.7	 71498.7	 71498.7	 71498.7	 71141.7	 39650.4	 71309.2	 70427.3	 72392
1.52148e+04	 71578.9	 71578.9	 71578.9	 71578.9	 71578.9	 71222	 39731.6	 71390.3	 70507.7	 72473.8
1.52344e+04	 71659.5	 71659.5	 71659.5	 71659.5	 71659.5	 71302.6	 39812.6	 71470.9	 70588.3	 72554.4
1.52539e+04	 71740.7	 71740.7	 71740.7	 71740.7	 71740.7	 71383.7	 39892.6	 71551	 70669.5	 72633.8
1.52734e+04	 71821	 71821	 71821	 71821	 71821	 71464.1	 39973.7	 71632.1	 70749.9	 72715.5
1.52930e+04	 71901.4	 71901.4	 71901.4	 71901.4	 71901.4	 71544.5	 40054.9	 71712.8	 70830.4	 72796.5
1.53125e+04	 71982.7	 71982.7	 71982.7	 71982.7	 71982.7	 71625.8	 40134.8	 71792.8	 70911.6	 72875.7
1.53320e+04	 72063	 72063	 72063	 72063	 72063	 71706.2	 40215.9	 71873.8	 70992.1	 72957.2
1.53516e+04	 72143.3	 72143.3	 72143.3	 72143.3	 72143.3	 71786.5	 40297.2	 71954.7	 71072.5	 73038.5
1.53711e+04	 72224.6	 72224.6	 72224.6	 72224.6	 72224.6	 71867.8	 40377.1	 72034.6	 71153.7	 73117.6
1.53906e+04	 72305.1	 72305.1	 72305.1	 72305.1	 72305.1	 71948.3	 40458	 72115.5	 71234.3	 73198.9
1.54102e+04	 72385.3	 72385.3	 72385.3	 72385.3	 72385.3	 72028.5	 40539.4	 72196.6	 71314.6	 73280.6
1.54297e+04	 72466.6	 72466.6	 72466.6	 72466.6	 72466.6	 72109.8	 40619.4	 72276.4	 71395.8	 73359.5
1.54492e+04	 72547.2	 72547.2	 72547.2	 72547.2	 72547.2	 72190.4	 40700.1	 72357.2	 71476.6	 73440.5
1.54688e+04	 72627.2	 72627.2	 72627.2	 72627.2	 72627.2	 72270.5	 40781.7	 72438.5	 71556.7	 73522.6
1.54883e+04	 72708.5	 72708.5	 72708.5	 72708.5	 72708.5	 72351.8	 40861.8	 72518.3	 71637.9	 73601.5
1.55078e+04	 72789.2	 72789.2	 72789.2	 72789.2	 72789.2	 72432.6	 40942.2	 72598.9	 71718.8	 73682.1
1.55273e+04	 72869.2	 72869.2	 72869.2	 72869.2	 72869.2	 72512.5	 41023.9	 72680.3	 71798.9	 73764.5
1.55469e+04	 72950.4	 72950.4	 72950.4	 72950.4	 72950.4	 72593.7	 41104.1	 72760.2	 71880	 73843.6
1.55664e+04	 73031.3	 73031.3	 73031.3	 73031.3	 73031.3	 72674.7	 41184.3	 72840.6	 71961	 73923.7
1.55859e+04	 73111.1	 73111.1	 73111.1	 73111.1	 73111.1	 72754.6	 41266.1	 72922.1	 72041.1	 74006.4
1.56055e+04	 73192.3	 73192.3	 73192.3	 73192.3	 73192.3	 72835.6	 41346.5	 73002.1	 72122.1	 74085.7
1.56250e+04	 73273.4	 73273.4	 73273.4	 73273.4	 73273.4	 72916.8	 41426.4	 73082.3	 72203.3	 74165.4
