# FIR test parameters.
off			Diagnostics mode ('off' or 'on');
user		Filter type.
-1			No. of filter taps.
937			Bands/Frequencies (Hz).

# Band parameters:
# Band Centre	Desired Resp.	Weights
#	(Hz)		  (Units.)		 (>0)
# -----------	-------------	-------
0	7.5365439e-06	0	
0	7.8869565e-06	0	
0	7.2000817e-06	0	
0	7.4132982e-06	0	
0	6.5642168e-06	0	
0	6.7795992e-06	0	
0	5.972888e-06	0	
0	6.105307e-06	0	
0	5.2996104e-06	0	
0	5.4343198e-06	0	
0	4.5526051e-06	0	
0	4.6557961e-06	0	
0	3.7716921e-06	0	
0	3.9090765e-06	0	
0	3.0356993e-06	0	
0	3.2781357e-06	0	
0	2.3933147e-06	0	
0	2.6495243e-06	0	
0	1.5025512e-06	0	
0	2.0540969e-06	0	
0	1.6478329e-06	0	
0	1.2102122e-06	0	
0	5.5817789e-07	0	
0	5.76299e-07	0	
0	-5.1003048e-08	0	
0	1.4901782e-07	0	
0	-5.0810887e-07	0	
0	-2.1591506e-07	0	
0	-7.8573063e-07	0	
0	-4.5890372e-07	0	
0	-1.0227534e-06	0	
0	-7.0499393e-07	0	
0	-1.2926989e-06	0	
0	-9.4659413e-07	0	
0	-1.5550721e-06	0	
0	-1.2131454e-06	0	
0	-1.7856358e-06	0	
0	-1.3606287e-06	0	
0	-1.9343171e-06	0	
0	-1.4099871e-06	0	
0	-2.1242841e-06	0	
0	-1.6374659e-06	0	
0	-2.0737814e-06	0	
0	-1.6159149e-06	0	
0	-2.1149664e-06	0	
0	-1.7759335e-06	0	
0	-2.335725e-06	0	
0	-1.7082805e-06	0	
0	-2.3899541e-06	0	
0	-1.8307723e-06	0	
0	-2.4486661e-06	0	
0	-1.8662901e-06	0	
0	-2.483902e-06	0	
0	-1.9059813e-06	0	
0	-2.522916e-06	0	
0	-1.8379256e-06	0	
0	-2.394121e-06	0	
0	-1.6719838e-06	0	
0	-2.2415289e-06	0	
0	-1.5187469e-06	0	
0	-2.1605464e-06	0	
0	-1.31398e-06	0	
0	-2.0399489e-06	0	
0	-1.2875955e-06	0	
0	-2.0943782e-06	0	
0	-1.3873417e-06	0	
0	-1.410316e-06	0	
0	-9.6769494e-07	0	
0	-1.8722795e-06	0	
0	-8.4479122e-07	0	
0	-1.7421047e-06	0	
0	-5.8002456e-07	0	
0	-1.5445078e-06	0	
0	-3.1595948e-07	0	
0	-1.4116315e-06	0	
0	1.8621971e-08	0	
0	-1.253933e-06	0	
0	3.5688475e-07	0	
0	-1.2281066e-06	0	
0	7.1512211e-07	0	
0	-1.3276532e-06	0	
0	1.1963626e-06	0	
0	-1.6709337e-06	0	
0	2.4151844e-06	0	
0	-2.1385914e-06	0	
0	9.9936157e-06	0	
0	-2.9600481e-06	0	
0	-1.4844156e-05	0	
0	-2.0716824e-06	0	
0	-5.7815259e-06	0	
0	-1.572144e-06	0	
0	-3.7144407e-06	0	
0	-1.3170448e-06	0	
0	-2.8187765e-06	0	
0	-1.2084754e-06	0	
0	-2.3947286e-06	0	
0	-1.2385933e-06	0	
0	-2.1987742e-06	0	
0	-1.3089295e-06	0	
0	-2.0642539e-06	0	
0	-1.3414723e-06	0	
0	-2.0263157e-06	0	
0	-1.4021613e-06	0	
0	-1.8769435e-06	0	
0	-1.3026984e-06	0	
0	-1.6696017e-06	0	
0	-1.6053765e-06	0	
0	-1.3878673e-06	0	
0	-9.4212643e-07	0	
0	-1.3928785e-06	0	
0	-1.1157948e-06	0	
0	-1.5518229e-06	0	
0	-1.329158e-06	0	
0	-1.7603784e-06	0	
0	-1.6575422e-06	0	
0	-1.9954131e-06	0	
0	-1.9211646e-06	0	
0	-2.2385285e-06	0	
0	-2.0822641e-06	0	
0	-2.2910652e-06	0	
0	-2.0968699e-06	0	
0	-2.24411e-06	0	
0	-2.2294726e-06	0	
0	-2.6621163e-06	0	
0	-2.7216954e-06	0	
0	-3.0716118e-06	0	
0	-3.2490522e-06	0	
0	-3.7311976e-06	0	
0	-4.0968761e-06	0	
0	-4.4943675e-06	0	
0	-4.7442113e-06	0	
0	-5.0064754e-06	0	
0	-5.0191314e-06	0	
0	-5.2990677e-06	0	
0	-5.0920093e-06	0	
0	-5.1305727e-06	0	
0	-5.30582e-06	0	
0	-5.4256893e-06	0	
0	-5.3110913e-06	0	
0	-5.2612344e-06	0	
0	-5.3795173e-06	0	
0	-5.5994745e-06	0	
0	-5.8954942e-06	0	
0	-6.1791308e-06	0	
0	-6.3741368e-06	0	
0	-6.4623163e-06	0	
0	-6.5971433e-06	0	
0	-6.5134354e-06	0	
0	-6.2942154e-06	0	
0	-6.0118284e-06	0	
0	-6.0307099e-06	0	
0	-5.5011003e-06	0	
0	-5.6830467e-06	0	
0	-5.0235556e-06	0	
0	-4.0991833e-06	0	
0	-4.3121314e-06	0	
0	-3.9991239e-06	0	
0	-3.9978207e-06	0	
0	-3.6604808e-06	0	
0	-3.5845042e-06	0	
0	-3.4298865e-06	0	
0	-3.2876374e-06	0	
0	-3.0155531e-06	0	
0	-2.8913323e-06	0	
0	-2.6649676e-06	0	
0	-2.4902605e-06	0	
0	-2.2862028e-06	0	
0	-2.0764957e-06	0	
0	-1.7257977e-06	0	
0	-1.4857098e-06	0	
0	-1.2312724e-06	0	
0	-1.1017614e-06	0	
0	-9.6619973e-07	0	
0	1.3397333e-05	0	
0	-2.7113772e-06	0	
0	-2.7195002e-06	0	
0	-2.6211692e-06	0	
0	-2.7013595e-06	0	
0	-2.5941103e-06	0	
0	-2.7611737e-06	0	
0	-2.7238271e-06	0	
0	-2.7137838e-06	0	
0	-2.5978951e-06	0	
0	-2.60278e-06	0	
0	-2.5078743e-06	0	
0	-2.5695075e-06	0	
0	-2.4608681e-06	0	
0	-2.497973e-06	0	
0	-2.4075012e-06	0	
0	-2.4899538e-06	0	
0	-2.4009945e-06	0	
0	-2.5516946e-06	0	
0	-2.3918608e-06	0	
0	-2.9227819e-06	0	
0	-2.8892825e-06	0	
0	-2.7451826e-06	0	
0	-2.9247212e-06	0	
0	-3.0445802e-06	0	
0	-3.2544212e-06	0	
0	-3.4452343e-06	0	
0	-3.4498209e-06	0	
0	-3.604395e-06	0	
0	-3.6657773e-06	0	
0	-3.7851335e-06	0	
0	-3.8344208e-06	0	
0	-3.9243644e-06	0	
0	-3.9621231e-06	0	
0	-4.102723e-06	0	
0	-4.1530869e-06	0	
0	-4.2368393e-06	0	
0	-4.2621657e-06	0	
0	-4.3613357e-06	0	
0	-4.4066068e-06	0	
0	-4.5831364e-06	0	
0	-4.4220121e-06	0	
0	-4.5730565e-06	0	
0	-4.5389587e-06	0	
0	-4.5640806e-06	0	
0	-4.5062757e-06	0	
0	-4.2619213e-06	0	
0	-4.1350667e-06	0	
0	-4.2473023e-06	0	
0	-3.8722184e-06	0	
0	-3.8717363e-06	0	
0	-3.6060163e-06	0	
0	-3.6544294e-06	0	
0	-3.4720389e-06	0	
0	-3.5610155e-06	0	
0	-3.267438e-06	0	
0	-3.1332828e-06	0	
0	-2.6175843e-06	0	
0	-2.3721604e-06	0	
0	-1.7849857e-06	0	
0	-1.4210263e-06	0	
0	-6.9089487e-07	0	
0	-3.5660461e-07	0	
0	4.5470777e-07	0	
0	6.4392415e-07	0	
0	1.1785508e-06	0	
0	1.1410628e-06	0	
0	-1.9992002e-07	0	
0	7.3421275e-07	0	
0	8.4116191e-07	0	
0	5.8848474e-07	0	
0	7.1332055e-07	0	
0	-1.3623578e-07	0	
0	-7.9821077e-08	0	
0	-4.3199741e-07	0	
0	-1.4754133e-07	0	
0	-7.8166542e-07	0	
0	-4.1078869e-08	0	
0	-1.8656092e-07	0	
0	9.2675729e-07	0	
0	4.5632675e-07	0	
0	6.2805849e-07	0	
0	-2.1406687e-06	0	
0	-2.2472708e-06	0	
0	-5.1112e-06	0	
0	-4.7701159e-06	0	
0	-1.3266667e-05	0	
0	-8.4334795e-06	0	
0	-4.1871062e-06	0	
0	-1.3200297e-05	0	
0	-1.2142648e-05	0	
0	-1.4758615e-05	0	
0	-1.2863463e-05	0	
0	-1.3137293e-05	0	
0	-1.1475698e-05	0	
0	-1.3368931e-05	0	
0	-1.3546504e-05	0	
0	-1.3726707e-05	0	
0	-1.2311877e-05	0	
0	-1.3939499e-05	0	
0	-1.5386745e-05	0	
0	-1.8203754e-05	0	
0	-1.9951836e-05	0	
0	-2.2038753e-05	0	
0	-2.2402651e-05	0	
0	-2.3409034e-05	0	
0	-2.2493464e-05	0	
0	-2.0098804e-05	0	
0	-1.8726068e-05	0	
0	-1.8224753e-05	0	
0	-1.5203761e-05	0	
0	-1.1728512e-05	0	
0	-8.3483373e-06	0	
0	-7.404913e-06	0	
0	-6.1916727e-06	0	
0	-6.1185517e-06	0	
0	-5.6905667e-06	0	
0	-5.1258944e-06	0	
0	-4.380715e-06	0	
0	-4.7771515e-06	0	
0	-3.8628765e-06	0	
0	-2.8233395e-06	0	
0	-1.8690708e-06	0	
0	-1.478348e-06	0	
0	1.2820335e-07	0	
0	1.1362618e-06	0	
0	2.3320315e-06	0	
0	3.3029707e-06	0	
0	5.1503283e-06	0	
0	6.4674085e-06	0	
0	7.0985425e-06	0	
0	6.9212845e-06	0	
0	6.4589406e-06	0	
0	5.438139e-06	0	
0	4.8438453e-06	0	
0	2.7366694e-06	0	
0	8.6791862e-07	0	
0	-1.0415655e-06	0	
0	-2.3157399e-06	0	
0	-3.6412951e-06	0	
0	-4.6443314e-06	0	
0	-5.3100685e-06	0	
0	-5.2638557e-06	0	
0	-5.3846913e-06	0	
0	-5.6837025e-06	0	
0	-6.0285616e-06	0	
0	-5.9952806e-06	0	
0	-5.6504268e-06	0	
0	-5.2270112e-06	0	
0	-5.0751952e-06	0	
0	-5.2670169e-06	0	
0	-4.4798751e-06	0	
0	-4.0763294e-06	0	
0	-1.8565755e-06	0	
0	-1.8338448e-06	0	
0	-1.8119503e-06	0	
0	2.0271391e-06	0	
0	4.4152894e-06	0	
0	8.8009123e-06	0	
0	1.2883157e-05	0	
0	1.863417e-05	0	
0	2.4638024e-05	0	
0	3.184584e-05	0	
0	3.8368274e-05	0	
0	4.5578098e-05	0	
0	5.2662604e-05	0	
0	6.0459361e-05	0	
0	6.7755542e-05	0	
0	7.587159e-05	0	
0	8.4061867e-05	0	
0	9.3487447e-05	0	
0	0.00010375143	0	
0	0.00011588063	0	
0	0.00012864518	0	
0	0.00013779378	0	
0	0.00016123295	0	
0	0.0001801187	0	
0	0.00019897994	0	
0	0.00021896741	0	
0	0.0002394821	0	
0	0.00026150224	0	
0	0.00028312435	0	
0	0.00030401492	0	
0	0.00032286463	0	
0	0.00034182137	0	
0	0.00036095029	0	
0	0.00038089772	0	
0	0.00040137275	0	
0	0.00042563386	0	
0	0.00045428147	0	
0	0.00048718164	0	
0	0.00052183972	0	
0	0.00055929416	0	
0	0.00059837756	0	
0	0.00063901206	0	
0	0.00067783912	0	
0	0.00071264524	0	
0	0.00074021366	0	
0	0.00076377148	0	
0	0.00078592156	0	
0	0.00080046613	0	
0	0.0008061388	0	
0	0.00081360564	0	
0	0.00081802914	0	
0	0.00080752793	0	
0	0.00079606949	0	
0	0.00080140388	0	
0	0.00080606126	0	
0	0.00080243779	0	
0	0.00081133114	0	
0	0.00083497104	0	
0	0.00085666926	0	
0	0.00087114526	0	
0	0.0008482024	0	
0	0.00076376335	0	
0	0.00066858251	0	
0	0.00060021568	0	
0	0.00049127518	0	
0	0.00030861777	0	
0	0.00012611109	0	
0	-2.6330838e-05	0	
0	-0.00018639698	0	
0	-0.00033404604	0	
0	-0.0004329322	0	
0	-0.00049000862	0	
0	-0.00050714824	0	
0	-0.00053007128	0	
0	-0.00066704599	0	
0	-0.00086919143	0	
0	-0.00096396872	0	
0	-0.00099846313	0	
0	-0.0011813068	0	
0	-0.0015237129	0	
0	-0.0019175197	0	
0	-0.0023343799	0	
0	-0.0027245673	0	
0	-0.0030457039	0	
0	-0.0033636401	0	
0	-0.0036145259	0	
0	-0.0036571908	0	
0	-0.0036648612	0	
0	-0.0038211878	0	
0	-0.0038547925	0	
0	-0.0035698559	0	
0	-0.003312974	0	
0	-0.0033113699	0	
0	-0.0034206365	0	
0	-0.0036180389	0	
0	-0.0038751921	0	
0	-0.0039970636	0	
0	-0.004106487	0	
0	-0.0044316224	0	
0	-0.004698307	0	
0	-0.0047457829	0	
0	-0.0049417977	0	
0	-0.0052873586	0	
0	-0.0053776623	0	
0	-0.0053515366	0	
0	-0.0054734169	0	
0	-0.0054142551	0	
0	-0.00497149	0	
0	-0.0045241864	0	
0	-0.004322405	0	
0	-0.0043479601	0	
0	-0.00458331	0	
0	-0.004939508	0	
0	-0.0055539789	0	
0	-0.0068172879	0	
0	-0.0086097885	0	
0	-0.010275468	0	
0	-0.011606648	0	
0	-0.012889429	0	
0	-0.014203042	0	
0	-0.015048834	0	
0	-0.014880181	0	
0	-0.01422179	0	
0	-0.013960485	0	
0	-0.014346725	0	
0	-0.013200525	0	
0	-0.0091545987	0	
0	-0.0049183616	0	
0	-0.0018065031	0	
0	-0.001650658	0	
0	0.0030384577	0	
0	0.01149074	0	
0	0.01072494	0	
0	0.010364482	0	
0	-0.0018616566	0	
0	-0.0097434244	0	
0	0.002748915	0	
0	-0.0035968829	0	
0	0.0084299459	0	
0	0.008361131	0	
0	0.045644453	0	
0	0.2083008	0	
0	0.2083008	0	
0	0.045644453	0	
0	0.008361131	0	
0	0.0084299459	0	
0	-0.0035968829	0	
0	0.002748915	0	
0	-0.0097434244	0	
0	-0.0018616566	0	
0	0.010364482	0	
0	0.01072494	0	
0	0.01149074	0	
0	0.0030384577	0	
0	-0.001650658	0	
0	-0.0018065031	0	
0	-0.0049183616	0	
0	-0.0091545987	0	
0	-0.013200525	0	
0	-0.014346725	0	
0	-0.013960485	0	
0	-0.01422179	0	
0	-0.014880181	0	
0	-0.015048834	0	
0	-0.014203042	0	
0	-0.012889429	0	
0	-0.011606648	0	
0	-0.010275468	0	
0	-0.0086097885	0	
0	-0.0068172879	0	
0	-0.0055539789	0	
0	-0.004939508	0	
0	-0.00458331	0	
0	-0.0043479601	0	
0	-0.004322405	0	
0	-0.0045241864	0	
0	-0.00497149	0	
0	-0.0054142551	0	
0	-0.0054734169	0	
0	-0.0053515366	0	
0	-0.0053776623	0	
0	-0.0052873586	0	
0	-0.0049417977	0	
0	-0.0047457829	0	
0	-0.004698307	0	
0	-0.0044316224	0	
0	-0.004106487	0	
0	-0.0039970636	0	
0	-0.0038751921	0	
0	-0.0036180389	0	
0	-0.0034206365	0	
0	-0.0033113699	0	
0	-0.003312974	0	
0	-0.0035698559	0	
0	-0.0038547925	0	
0	-0.0038211878	0	
0	-0.0036648612	0	
0	-0.0036571908	0	
0	-0.0036145259	0	
0	-0.0033636401	0	
0	-0.0030457039	0	
0	-0.0027245673	0	
0	-0.0023343799	0	
0	-0.0019175197	0	
0	-0.0015237129	0	
0	-0.0011813068	0	
0	-0.00099846313	0	
0	-0.00096396872	0	
0	-0.00086919143	0	
0	-0.00066704599	0	
0	-0.00053007128	0	
0	-0.00050714824	0	
0	-0.00049000862	0	
0	-0.0004329322	0	
0	-0.00033404604	0	
0	-0.00018639698	0	
0	-2.6330838e-05	0	
0	0.00012611109	0	
0	0.00030861777	0	
0	0.00049127518	0	
0	0.00060021568	0	
0	0.00066858251	0	
0	0.00076376335	0	
0	0.0008482024	0	
0	0.00087114526	0	
0	0.00085666926	0	
0	0.00083497104	0	
0	0.00081133114	0	
0	0.00080243779	0	
0	0.00080606126	0	
0	0.00080140388	0	
0	0.00079606949	0	
0	0.00080752793	0	
0	0.00081802914	0	
0	0.00081360564	0	
0	0.0008061388	0	
0	0.00080046613	0	
0	0.00078592156	0	
0	0.00076377148	0	
0	0.00074021366	0	
0	0.00071264524	0	
0	0.00067783912	0	
0	0.00063901206	0	
0	0.00059837756	0	
0	0.00055929416	0	
0	0.00052183972	0	
0	0.00048718164	0	
0	0.00045428147	0	
0	0.00042563386	0	
0	0.00040137275	0	
0	0.00038089772	0	
0	0.00036095029	0	
0	0.00034182137	0	
0	0.00032286463	0	
0	0.00030401492	0	
0	0.00028312435	0	
0	0.00026150224	0	
0	0.0002394821	0	
0	0.00021896741	0	
0	0.00019897994	0	
0	0.0001801187	0	
0	0.00016123295	0	
0	0.00013779378	0	
0	0.00012864518	0	
0	0.00011588063	0	
0	0.00010375143	0	
0	9.3487447e-05	0	
0	8.4061867e-05	0	
0	7.587159e-05	0	
0	6.7755542e-05	0	
0	6.0459361e-05	0	
0	5.2662604e-05	0	
0	4.5578098e-05	0	
0	3.8368274e-05	0	
0	3.184584e-05	0	
0	2.4638024e-05	0	
0	1.863417e-05	0	
0	1.2883157e-05	0	
0	8.8009123e-06	0	
0	4.4152894e-06	0	
0	2.0271391e-06	0	
0	-1.8119503e-06	0	
0	-1.8338448e-06	0	
0	-1.8565755e-06	0	
0	-4.0763294e-06	0	
0	-4.4798751e-06	0	
0	-5.2670169e-06	0	
0	-5.0751952e-06	0	
0	-5.2270112e-06	0	
0	-5.6504268e-06	0	
0	-5.9952806e-06	0	
0	-6.0285616e-06	0	
0	-5.6837025e-06	0	
0	-5.3846913e-06	0	
0	-5.2638557e-06	0	
0	-5.3100685e-06	0	
0	-4.6443314e-06	0	
0	-3.6412951e-06	0	
0	-2.3157399e-06	0	
0	-1.0415655e-06	0	
0	8.6791862e-07	0	
0	2.7366694e-06	0	
0	4.8438453e-06	0	
0	5.438139e-06	0	
0	6.4589406e-06	0	
0	6.9212845e-06	0	
0	7.0985425e-06	0	
0	6.4674085e-06	0	
0	5.1503283e-06	0	
0	3.3029707e-06	0	
0	2.3320315e-06	0	
0	1.1362618e-06	0	
0	1.2820335e-07	0	
0	-1.478348e-06	0	
0	-1.8690708e-06	0	
0	-2.8233395e-06	0	
0	-3.8628765e-06	0	
0	-4.7771515e-06	0	
0	-4.380715e-06	0	
0	-5.1258944e-06	0	
0	-5.6905667e-06	0	
0	-6.1185517e-06	0	
0	-6.1916727e-06	0	
0	-7.404913e-06	0	
0	-8.3483373e-06	0	
0	-1.1728512e-05	0	
0	-1.5203761e-05	0	
0	-1.8224753e-05	0	
0	-1.8726068e-05	0	
0	-2.0098804e-05	0	
0	-2.2493464e-05	0	
0	-2.3409034e-05	0	
0	-2.2402651e-05	0	
0	-2.2038753e-05	0	
0	-1.9951836e-05	0	
0	-1.8203754e-05	0	
0	-1.5386745e-05	0	
0	-1.3939499e-05	0	
0	-1.2311877e-05	0	
0	-1.3726707e-05	0	
0	-1.3546504e-05	0	
0	-1.3368931e-05	0	
0	-1.1475698e-05	0	
0	-1.3137293e-05	0	
0	-1.2863463e-05	0	
0	-1.4758615e-05	0	
0	-1.2142648e-05	0	
0	-1.3200297e-05	0	
0	-4.1871062e-06	0	
0	-8.4334795e-06	0	
0	-1.3266667e-05	0	
0	-4.7701159e-06	0	
0	-5.1112e-06	0	
0	-2.2472708e-06	0	
0	-2.1406687e-06	0	
0	6.2805849e-07	0	
0	4.5632675e-07	0	
0	9.2675729e-07	0	
0	-1.8656092e-07	0	
0	-4.1078869e-08	0	
0	-7.8166542e-07	0	
0	-1.4754133e-07	0	
0	-4.3199741e-07	0	
0	-7.9821077e-08	0	
0	-1.3623578e-07	0	
0	7.1332055e-07	0	
0	5.8848474e-07	0	
0	8.4116191e-07	0	
0	7.3421275e-07	0	
0	-1.9992002e-07	0	
0	1.1410628e-06	0	
0	1.1785508e-06	0	
0	6.4392415e-07	0	
0	4.5470777e-07	0	
0	-3.5660461e-07	0	
0	-6.9089487e-07	0	
0	-1.4210263e-06	0	
0	-1.7849857e-06	0	
0	-2.3721604e-06	0	
0	-2.6175843e-06	0	
0	-3.1332828e-06	0	
0	-3.267438e-06	0	
0	-3.5610155e-06	0	
0	-3.4720389e-06	0	
0	-3.6544294e-06	0	
0	-3.6060163e-06	0	
0	-3.8717363e-06	0	
0	-3.8722184e-06	0	
0	-4.2473023e-06	0	
0	-4.1350667e-06	0	
0	-4.2619213e-06	0	
0	-4.5062757e-06	0	
0	-4.5640806e-06	0	
0	-4.5389587e-06	0	
0	-4.5730565e-06	0	
0	-4.4220121e-06	0	
0	-4.5831364e-06	0	
0	-4.4066068e-06	0	
0	-4.3613357e-06	0	
0	-4.2621657e-06	0	
0	-4.2368393e-06	0	
0	-4.1530869e-06	0	
0	-4.102723e-06	0	
0	-3.9621231e-06	0	
0	-3.9243644e-06	0	
0	-3.8344208e-06	0	
0	-3.7851335e-06	0	
0	-3.6657773e-06	0	
0	-3.604395e-06	0	
0	-3.4498209e-06	0	
0	-3.4452343e-06	0	
0	-3.2544212e-06	0	
0	-3.0445802e-06	0	
0	-2.9247212e-06	0	
0	-2.7451826e-06	0	
0	-2.8892825e-06	0	
0	-2.9227819e-06	0	
0	-2.3918608e-06	0	
0	-2.5516946e-06	0	
0	-2.4009945e-06	0	
0	-2.4899538e-06	0	
0	-2.4075012e-06	0	
0	-2.497973e-06	0	
0	-2.4608681e-06	0	
0	-2.5695075e-06	0	
0	-2.5078743e-06	0	
0	-2.60278e-06	0	
0	-2.5978951e-06	0	
0	-2.7137838e-06	0	
0	-2.7238271e-06	0	
0	-2.7611737e-06	0	
0	-2.5941103e-06	0	
0	-2.7013595e-06	0	
0	-2.6211692e-06	0	
0	-2.7195002e-06	0	
0	-2.7113772e-06	0	
0	1.3397333e-05	0	
0	-9.6619973e-07	0	
0	-1.1017614e-06	0	
0	-1.2312724e-06	0	
0	-1.4857098e-06	0	
0	-1.7257977e-06	0	
0	-2.0764957e-06	0	
0	-2.2862028e-06	0	
0	-2.4902605e-06	0	
0	-2.6649676e-06	0	
0	-2.8913323e-06	0	
0	-3.0155531e-06	0	
0	-3.2876374e-06	0	
0	-3.4298865e-06	0	
0	-3.5845042e-06	0	
0	-3.6604808e-06	0	
0	-3.9978207e-06	0	
0	-3.9991239e-06	0	
0	-4.3121314e-06	0	
0	-4.0991833e-06	0	
0	-5.0235556e-06	0	
0	-5.6830467e-06	0	
0	-5.5011003e-06	0	
0	-6.0307099e-06	0	
0	-6.0118284e-06	0	
0	-6.2942154e-06	0	
0	-6.5134354e-06	0	
0	-6.5971433e-06	0	
0	-6.4623163e-06	0	
0	-6.3741368e-06	0	
0	-6.1791308e-06	0	
0	-5.8954942e-06	0	
0	-5.5994745e-06	0	
0	-5.3795173e-06	0	
0	-5.2612344e-06	0	
0	-5.3110913e-06	0	
0	-5.4256893e-06	0	
0	-5.30582e-06	0	
0	-5.1305727e-06	0	
0	-5.0920093e-06	0	
0	-5.2990677e-06	0	
0	-5.0191314e-06	0	
0	-5.0064754e-06	0	
0	-4.7442113e-06	0	
0	-4.4943675e-06	0	
0	-4.0968761e-06	0	
0	-3.7311976e-06	0	
0	-3.2490522e-06	0	
0	-3.0716118e-06	0	
0	-2.7216954e-06	0	
0	-2.6621163e-06	0	
0	-2.2294726e-06	0	
0	-2.24411e-06	0	
0	-2.0968699e-06	0	
0	-2.2910652e-06	0	
0	-2.0822641e-06	0	
0	-2.2385285e-06	0	
0	-1.9211646e-06	0	
0	-1.9954131e-06	0	
0	-1.6575422e-06	0	
0	-1.7603784e-06	0	
0	-1.329158e-06	0	
0	-1.5518229e-06	0	
0	-1.1157948e-06	0	
0	-1.3928785e-06	0	
0	-9.4212643e-07	0	
0	-1.3878673e-06	0	
0	-1.6053765e-06	0	
0	-1.6696017e-06	0	
0	-1.3026984e-06	0	
0	-1.8769435e-06	0	
0	-1.4021613e-06	0	
0	-2.0263157e-06	0	
0	-1.3414723e-06	0	
0	-2.0642539e-06	0	
0	-1.3089295e-06	0	
0	-2.1987742e-06	0	
0	-1.2385933e-06	0	
0	-2.3947286e-06	0	
0	-1.2084754e-06	0	
0	-2.8187765e-06	0	
0	-1.3170448e-06	0	
0	-3.7144407e-06	0	
0	-1.572144e-06	0	
0	-5.7815259e-06	0	
0	-2.0716824e-06	0	
0	-1.4844156e-05	0	
0	-2.9600481e-06	0	
0	9.9936157e-06	0	
0	-2.1385914e-06	0	
0	2.4151844e-06	0	
0	-1.6709337e-06	0	
0	1.1963626e-06	0	
0	-1.3276532e-06	0	
0	7.1512211e-07	0	
0	-1.2281066e-06	0	
0	3.5688475e-07	0	
0	-1.253933e-06	0	
0	1.8621971e-08	0	
0	-1.4116315e-06	0	
0	-3.1595948e-07	0	
0	-1.5445078e-06	0	
0	-5.8002456e-07	0	
0	-1.7421047e-06	0	
0	-8.4479122e-07	0	
0	-1.8722795e-06	0	
0	-9.6769494e-07	0	
0	-1.410316e-06	0	
0	-1.3873417e-06	0	
0	-2.0943782e-06	0	
0	-1.2875955e-06	0	
0	-2.0399489e-06	0	
0	-1.31398e-06	0	
0	-2.1605464e-06	0	
0	-1.5187469e-06	0	
0	-2.2415289e-06	0	
0	-1.6719838e-06	0	
0	-2.394121e-06	0	
0	-1.8379256e-06	0	
0	-2.522916e-06	0	
0	-1.9059813e-06	0	
0	-2.483902e-06	0	
0	-1.8662901e-06	0	
0	-2.4486661e-06	0	
0	-1.8307723e-06	0	
0	-2.3899541e-06	0	
0	-1.7082805e-06	0	
0	-2.335725e-06	0	
0	-1.7759335e-06	0	
0	-2.1149664e-06	0	
0	-1.6159149e-06	0	
0	-2.0737814e-06	0	
0	-1.6374659e-06	0	
0	-2.1242841e-06	0	
0	-1.4099871e-06	0	
0	-1.9343171e-06	0	
0	-1.3606287e-06	0	
0	-1.7856358e-06	0	
0	-1.2131454e-06	0	
0	-1.5550721e-06	0	
0	-9.4659413e-07	0	
0	-1.2926989e-06	0	
0	-7.0499393e-07	0	
0	-1.0227534e-06	0	
0	-4.5890372e-07	0	
0	-7.8573063e-07	0	
0	-2.1591506e-07	0	
0	-5.0810887e-07	0	
0	1.4901782e-07	0	
0	-5.1003048e-08	0	
0	5.76299e-07	0	
0	5.5817789e-07	0	
0	1.2102122e-06	0	
0	1.6478329e-06	0	
0	2.0540969e-06	0	
0	1.5025512e-06	0	
0	2.6495243e-06	0	
0	2.3933147e-06	0	
0	3.2781357e-06	0	
0	3.0356993e-06	0	
0	3.9090765e-06	0	
0	3.7716921e-06	0	
0	4.6557961e-06	0	
0	4.5526051e-06	0	
0	5.4343198e-06	0	
0	5.2996104e-06	0	
0	6.105307e-06	0	
0	5.972888e-06	0	
0	6.7795992e-06	0	
0	6.5642168e-06	0	
0	7.4132982e-06	0	
0	7.2000817e-06	0	
0	7.8869565e-06	0	
0	7.5365439e-06	0	
0	-0.00030556103	0	
