Time (s)	44	54	64	74	84	94
0.00000e+00	 0	 0	 0	 0	 0	 0
5.00000e-05	 0	 0	 0	 0	 0	 0
1.00000e-04	 0	 0	 0	 0	 0	 0
1.50000e-04	 0	 0	 0	 0	 0	 0
2.00000e-04	 0	 0	 0	 0	 0	 0
2.50000e-04	 0	 0	 0	 0	 0	 0
3.00000e-04	 0	 0	 0	 0	 0	 0
3.50000e-04	 5.27071e-07	 1.66674e-06	 5.27071e-06	 1.66674e-05	 5.27071e-05	 0.000166674
4.00000e-04	 3.04937e-06	 9.64296e-06	 3.04937e-05	 9.64296e-05	 0.000304937	 0.000964296
4.50000e-04	 9.38996e-06	 2.96936e-05	 9.38996e-05	 0.000296936	 0.000938996	 0.00296936
5.00000e-04	 2.06776e-05	 6.53883e-05	 0.000206776	 0.000653883	 0.00206776	 0.00653883
5.50000e-04	 3.61198e-05	 0.000114221	 0.000361198	 0.00114221	 0.00361198	 0.0114221
6.00000e-04	 5.19391e-05	 0.000164246	 0.000519391	 0.00164246	 0.00519391	 0.0164246
6.50000e-04	 6.07888e-05	 0.000192231	 0.000607888	 0.00192231	 0.00607888	 0.0192231
7.00000e-04	 5.18726e-05	 0.000164035	 0.000518726	 0.00164035	 0.00518726	 0.0164035
7.50000e-04	 1.18945e-05	 3.76136e-05	 0.000118945	 0.000376136	 0.00118945	 0.00376136
8.00000e-04	 -7.31813e-05	 -0.00023142	 -0.000731813	 -0.0023142	 -0.00731813	 -0.023142
8.50000e-04	 -0.000215728	 -0.00068219	 -0.00215728	 -0.0068219	 -0.0215728	 -0.068219
9.00000e-04	 -0.000423693	 -0.00133983	 -0.00423693	 -0.0133983	 -0.0423693	 -0.133983
9.50000e-04	 -0.000697856	 -0.00220681	 -0.00697856	 -0.0220681	 -0.0697856	 -0.220681
1.00000e-03	 -0.00102951	 -0.00325561	 -0.0102951	 -0.0325561	 -0.102951	 -0.325561
1.05000e-03	 -0.00139902	 -0.00442409	 -0.0139902	 -0.0442409	 -0.139902	 -0.442409
1.10000e-03	 -0.00177549	 -0.0056146	 -0.0177549	 -0.056146	 -0.177549	 -0.56146
1.15000e-03	 -0.00211796	 -0.00669757	 -0.0211796	 -0.0669757	 -0.211796	 -0.669757
1.20000e-03	 -0.002378	 -0.00751989	 -0.02378	 -0.0751989	 -0.2378	 -0.751989
1.25000e-03	 -0.00250379	 -0.00791767	 -0.0250379	 -0.0791767	 -0.250379	 -0.791767
1.30000e-03	 -0.00244525	 -0.00773257	 -0.0244525	 -0.0773257	 -0.244525	 -0.773257
1.35000e-03	 -0.00215983	 -0.00682999	 -0.0215983	 -0.0682999	 -0.215983	 -0.682999
1.40000e-03	 -0.00161842	 -0.00511788	 -0.0161842	 -0.0511788	 -0.161842	 -0.511788
1.45000e-03	 -0.000810825	 -0.00256405	 -0.00810825	 -0.0256405	 -0.0810825	 -0.256405
1.50000e-03	 0.00024993	 0.000790347	 0.0024993	 0.00790347	 0.024993	 0.0790347
1.55000e-03	 0.00152514	 0.00482291	 0.0152514	 0.0482291	 0.152514	 0.482291
1.60000e-03	 0.00295012	 0.0093291	 0.0295012	 0.093291	 0.295012	 0.93291
1.65000e-03	 0.00443642	 0.0140292	 0.0443642	 0.140292	 0.443642	 1.40292
1.70000e-03	 0.00587655	 0.0185833	 0.0587655	 0.185833	 0.587655	 1.85833
1.75000e-03	 0.00715103	 0.0226135	 0.0715103	 0.226135	 0.715103	 2.26135
1.80000e-03	 0.00813736	 0.0257326	 0.0813736	 0.257326	 0.813736	 2.57326
1.85000e-03	 0.00872012	 0.0275754	 0.0872012	 0.275754	 0.872012	 2.75754
1.90000e-03	 0.00880154	 0.0278329	 0.0880154	 0.278329	 0.880154	 2.78329
1.95000e-03	 0.00831156	 0.0262835	 0.0831156	 0.262835	 0.831156	 2.62835
2.00000e-03	 0.00721646	 0.0228204	 0.0721646	 0.228204	 0.721646	 2.28204
2.05000e-03	 0.00552518	 0.0174722	 0.0552518	 0.174722	 0.552518	 1.74722
2.10000e-03	 0.00329273	 0.0104125	 0.0329273	 0.104125	 0.329273	 1.04125
2.15000e-03	 0.00062002	 0.00196068	 0.0062002	 0.0196068	 0.062002	 0.196068
2.20000e-03	 -0.00234994	 -0.00743116	 -0.0234994	 -0.0743116	 -0.234994	 -0.743116
2.25000e-03	 -0.00543951	 -0.0172012	 -0.0543951	 -0.172012	 -0.543951	 -1.72012
2.30000e-03	 -0.0084472	 -0.0267124	 -0.084472	 -0.267124	 -0.84472	 -2.67124
2.35000e-03	 -0.011161	 -0.0352941	 -0.11161	 -0.352941	 -1.1161	 -3.52941
2.40000e-03	 -0.0133734	 -0.0422905	 -0.133734	 -0.422905	 -1.33734	 -4.22905
2.45000e-03	 -0.0148974	 -0.0471098	 -0.148974	 -0.471098	 -1.48974	 -4.71098
2.50000e-03	 -0.0155812	 -0.049272	 -0.155812	 -0.49272	 -1.55812	 -4.9272
2.55000e-03	 -0.0153216	 -0.0484512	 -0.153216	 -0.484512	 -1.53216	 -4.84512
2.60000e-03	 -0.0140749	 -0.0445087	 -0.140749	 -0.445087	 -1.40749	 -4.45087
2.65000e-03	 -0.0118629	 -0.0375138	 -0.118629	 -0.375138	 -1.18629	 -3.75138
2.70000e-03	 -0.0087755	 -0.0277506	 -0.087755	 -0.277506	 -0.87755	 -2.77506
2.75000e-03	 -0.00496757	 -0.0157088	 -0.0496757	 -0.157088	 -0.496757	 -1.57088
2.80000e-03	 -0.000651489	 -0.00206019	 -0.00651489	 -0.0206019	 -0.0651489	 -0.206019
2.85000e-03	 0.0039151	 0.0123806	 0.039151	 0.123806	 0.39151	 1.23806
2.90000e-03	 0.00844526	 0.0267063	 0.0844526	 0.267063	 0.844526	 2.67063
2.95000e-03	 0.0126415	 0.039976	 0.126415	 0.39976	 1.26415	 3.9976
3.00000e-03	 0.0162161	 0.0512797	 0.162161	 0.512797	 1.62161	 5.12797
3.05000e-03	 0.018911	 0.0598019	 0.18911	 0.598019	 1.8911	 5.98019
3.10000e-03	 0.0205174	 0.0648818	 0.205174	 0.648818	 2.05174	 6.48818
3.15000e-03	 0.0208913	 0.066064	 0.208913	 0.66064	 2.08913	 6.6064
3.20000e-03	 0.0199655	 0.0631365	 0.199655	 0.631365	 1.99655	 6.31365
3.25000e-03	 0.0177573	 0.0561534	 0.177573	 0.561534	 1.77573	 5.61534
3.30000e-03	 0.014369	 0.0454389	 0.14369	 0.454389	 1.4369	 4.54389
3.35000e-03	 0.00998421	 0.0315728	 0.0998421	 0.315728	 0.998421	 3.15728
3.40000e-03	 0.00485694	 0.015359	 0.0485694	 0.15359	 0.485694	 1.5359
3.45000e-03	 -0.000703341	 -0.00222416	 -0.00703341	 -0.0222416	 -0.0703341	 -0.222416
3.50000e-03	 -0.00635132	 -0.0200846	 -0.0635132	 -0.200846	 -0.635132	 -2.00846
3.55000e-03	 -0.0117282	 -0.0370879	 -0.117282	 -0.370879	 -1.17282	 -3.70879
3.60000e-03	 -0.0164855	 -0.0521316	 -0.164855	 -0.521316	 -1.64855	 -5.21316
3.65000e-03	 -0.0203081	 -0.0642198	 -0.203081	 -0.642198	 -2.03081	 -6.42198
3.70000e-03	 -0.0229362	 -0.0725306	 -0.229362	 -0.725306	 -2.29362	 -7.25306
3.75000e-03	 -0.0241831	 -0.0764736	 -0.241831	 -0.764736	 -2.41831	 -7.64736
3.80000e-03	 -0.0239487	 -0.0757326	 -0.239487	 -0.757326	 -2.39487	 -7.57326
3.85000e-03	 -0.0222277	 -0.0702901	 -0.222277	 -0.702901	 -2.22277	 -7.02901
3.90000e-03	 -0.0191104	 -0.0604322	 -0.191104	 -0.604322	 -1.91104	 -6.04322
3.95000e-03	 -0.0147783	 -0.0467331	 -0.147783	 -0.467331	 -1.47783	 -4.67331
4.00000e-03	 -0.00949324	 -0.0300202	 -0.0949324	 -0.300202	 -0.949324	 -3.00202
4.05000e-03	 -0.00358044	 -0.0113223	 -0.0358044	 -0.113223	 -0.358044	 -1.13223
4.10000e-03	 0.00259183	 0.00819609	 0.0259183	 0.0819609	 0.259183	 0.819609
4.15000e-03	 0.00863616	 0.0273099	 0.0863616	 0.273099	 0.863616	 2.73099
4.20000e-03	 0.0141711	 0.0448128	 0.141711	 0.448128	 1.41711	 4.48128
4.25000e-03	 0.0188458	 0.0595957	 0.188458	 0.595957	 1.88458	 5.95957
4.30000e-03	 0.0223632	 0.0707188	 0.223632	 0.707188	 2.23632	 7.07188
4.35000e-03	 0.0244992	 0.0774733	 0.244992	 0.774733	 2.44992	 7.74733
4.40000e-03	 0.0251171	 0.0794273	 0.251171	 0.794273	 2.51171	 7.94273
4.45000e-03	 0.0241769	 0.0764541	 0.241769	 0.764541	 2.41769	 7.64541
4.50000e-03	 0.0217377	 0.0687406	 0.217377	 0.687406	 2.17377	 6.87406
4.55000e-03	 0.0179537	 0.0567746	 0.179537	 0.567746	 1.79537	 5.67746
4.60000e-03	 0.013065	 0.0413152	 0.13065	 0.413152	 1.3065	 4.13152
4.65000e-03	 0.00738152	 0.0233424	 0.0738152	 0.233424	 0.738152	 2.33424
4.70000e-03	 0.0012608	 0.00398699	 0.012608	 0.0398699	 0.12608	 0.398699
4.75000e-03	 -0.00491501	 -0.0155426	 -0.0491501	 -0.155426	 -0.491501	 -1.55426
4.80000e-03	 -0.0107625	 -0.0340341	 -0.107625	 -0.340341	 -1.07625	 -3.40341
4.85000e-03	 -0.0159204	 -0.0503447	 -0.159204	 -0.503447	 -1.59204	 -5.03447
4.90000e-03	 -0.020071	 -0.0634702	 -0.20071	 -0.634702	 -2.0071	 -6.34702
4.95000e-03	 -0.0229595	 -0.0726043	 -0.229595	 -0.726043	 -2.29595	 -7.26043
5.00000e-03	 -0.0244088	 -0.0771875	 -0.244088	 -0.771875	 -2.44088	 -7.71875
5.05000e-03	 -0.0243306	 -0.0769399	 -0.243306	 -0.769399	 -2.43306	 -7.69399
5.10000e-03	 -0.0227303	 -0.0718795	 -0.227303	 -0.718795	 -2.27303	 -7.18795
5.15000e-03	 -0.0197077	 -0.0623212	 -0.197077	 -0.623212	 -1.97077	 -6.23212
5.20000e-03	 -0.0154507	 -0.0488593	 -0.154507	 -0.488593	 -1.54507	 -4.88593
5.25000e-03	 -0.0102245	 -0.0323328	 -0.102245	 -0.323328	 -1.02245	 -3.23328
5.30000e-03	 -0.00435603	 -0.013775	 -0.0435603	 -0.13775	 -0.435603	 -1.3775
5.35000e-03	 0.00178622	 0.00564854	 0.0178622	 0.0564854	 0.178622	 0.564854
5.40000e-03	 0.0078144	 0.0247113	 0.078144	 0.247113	 0.78144	 2.47113
5.45000e-03	 0.0133455	 0.0422021	 0.133455	 0.422021	 1.33455	 4.22021
5.50000e-03	 0.0180254	 0.0570013	 0.180254	 0.570013	 1.80254	 5.70013
5.55000e-03	 0.0215517	 0.0681523	 0.215517	 0.681523	 2.15517	 6.81523
5.60000e-03	 0.0236931	 0.0749241	 0.236931	 0.749241	 2.36931	 7.49241
5.65000e-03	 0.0243054	 0.0768604	 0.243054	 0.768604	 2.43054	 7.68604
5.70000e-03	 0.0233413	 0.0738115	 0.233413	 0.738115	 2.33413	 7.38115
5.75000e-03	 0.0208546	 0.0659481	 0.208546	 0.659481	 2.08546	 6.59481
5.80000e-03	 0.0169983	 0.0537534	 0.169983	 0.537534	 1.69983	 5.37534
5.85000e-03	 0.012015	 0.0379949	 0.12015	 0.379949	 1.2015	 3.79949
5.90000e-03	 0.00622275	 0.0196781	 0.0622275	 0.196781	 0.622275	 1.96781
5.95000e-03	 -5.45658e-06	 -1.72552e-05	 -5.45658e-05	 -0.000172552	 -0.000545658	 -0.00172552
6.00000e-03	 -0.00626518	 -0.0198122	 -0.0626518	 -0.198122	 -0.626518	 -1.98122
6.05000e-03	 -0.0121469	 -0.0384118	 -0.121469	 -0.384118	 -1.21469	 -3.84118
6.10000e-03	 -0.0172628	 -0.0545898	 -0.172628	 -0.545898	 -1.72628	 -5.45898
6.15000e-03	 -0.0212726	 -0.0672698	 -0.212726	 -0.672698	 -2.12726	 -6.72698
6.20000e-03	 -0.0239062	 -0.0755979	 -0.239062	 -0.755979	 -2.39062	 -7.55979
6.25000e-03	 -0.024982	 -0.079	 -0.24982	 -0.79	 -2.4982	 -7.9
6.30000e-03	 -0.02442	 -0.0772228	 -0.2442	 -0.772228	 -2.442	 -7.72228
6.35000e-03	 -0.0222473	 -0.0703521	 -0.222473	 -0.703521	 -2.22473	 -7.03521
6.40000e-03	 -0.0185973	 -0.0588097	 -0.185973	 -0.588097	 -1.85973	 -5.88097
6.45000e-03	 -0.0137015	 -0.043328	 -0.137015	 -0.43328	 -1.37015	 -4.3328
6.50000e-03	 -0.00787517	 -0.0249035	 -0.0787517	 -0.249035	 -0.787517	 -2.49035
6.55000e-03	 -0.0014965	 -0.00473234	 -0.014965	 -0.0473234	 -0.14965	 -0.473234
6.60000e-03	 0.00501766	 0.0158672	 0.0501766	 0.158672	 0.501766	 1.58672
6.65000e-03	 0.0112393	 0.0355419	 0.112393	 0.355419	 1.12393	 3.55419
6.70000e-03	 0.0167577	 0.0529925	 0.167577	 0.529925	 1.67577	 5.29925
6.75000e-03	 0.0212065	 0.0670607	 0.212065	 0.670607	 2.12065	 6.70607
6.80000e-03	 0.0242883	 0.0768065	 0.242883	 0.768065	 2.42883	 7.68065
6.85000e-03	 0.0257952	 0.0815716	 0.257952	 0.815716	 2.57952	 8.15716
6.90000e-03	 0.0256223	 0.0810248	 0.256223	 0.810248	 2.56223	 8.10248
6.95000e-03	 0.0237757	 0.0751852	 0.237757	 0.751852	 2.37757	 7.51852
7.00000e-03	 0.0203722	 0.0644227	 0.203722	 0.644227	 2.03722	 6.44227
7.05000e-03	 0.0156324	 0.049434	 0.156324	 0.49434	 1.56324	 4.9434
7.10000e-03	 0.00986574	 0.0311982	 0.0986574	 0.311982	 0.986574	 3.11982
7.15000e-03	 0.00345037	 0.010911	 0.0345037	 0.10911	 0.345037	 1.0911
7.20000e-03	 -0.00319202	 -0.0100941	 -0.0319202	 -0.100941	 -0.319202	 -1.00941
7.25000e-03	 -0.00962447	 -0.0304352	 -0.0962447	 -0.304352	 -0.962447	 -3.04352
7.30000e-03	 -0.0154239	 -0.0487748	 -0.154239	 -0.487748	 -1.54239	 -4.87748
7.35000e-03	 -0.0202097	 -0.0639087	 -0.202097	 -0.639087	 -2.02097	 -6.39087
7.40000e-03	 -0.0236689	 -0.0748477	 -0.236689	 -0.748477	 -2.36689	 -7.48477
7.45000e-03	 -0.0255775	 -0.0808833	 -0.255775	 -0.808833	 -2.55775	 -8.08833
7.50000e-03	 -0.0258153	 -0.081635	 -0.258153	 -0.81635	 -2.58153	 -8.1635
7.55000e-03	 -0.0243734	 -0.0770755	 -0.243734	 -0.770755	 -2.43734	 -7.70755
7.60000e-03	 -0.0213551	 -0.0675307	 -0.213551	 -0.675307	 -2.13551	 -6.75307
7.65000e-03	 -0.0169677	 -0.0536565	 -0.169677	 -0.536565	 -1.69677	 -5.36565
7.70000e-03	 -0.0115086	 -0.0363932	 -0.115086	 -0.363932	 -1.15086	 -3.63932
7.75000e-03	 -0.0053443	 -0.0169002	 -0.053443	 -0.169002	 -0.53443	 -1.69002
7.80000e-03	 0.00111433	 0.00352383	 0.0111433	 0.0352383	 0.111433	 0.352383
7.85000e-03	 0.00744035	 0.0235285	 0.0744035	 0.235285	 0.744035	 2.35285
7.90000e-03	 0.0132193	 0.0418031	 0.132193	 0.418031	 1.32193	 4.18031
7.95000e-03	 0.0180768	 0.057164	 0.180768	 0.57164	 1.80768	 5.7164
8.00000e-03	 0.0217033	 0.0686318	 0.217033	 0.686318	 2.17033	 6.86318
8.05000e-03	 0.0238737	 0.0754954	 0.238737	 0.754954	 2.38737	 7.54954
8.10000e-03	 0.0244618	 0.0773551	 0.244618	 0.773551	 2.44618	 7.73551
8.15000e-03	 0.0234469	 0.0741455	 0.234469	 0.741455	 2.34469	 7.41455
8.20000e-03	 0.0209138	 0.0661352	 0.209138	 0.661352	 2.09138	 6.61352
8.25000e-03	 0.0170457	 0.0539031	 0.170457	 0.539031	 1.70457	 5.39031
8.30000e-03	 0.0121104	 0.0382963	 0.121104	 0.382963	 1.21104	 3.82963
8.35000e-03	 0.00644137	 0.0203694	 0.0644137	 0.203694	 0.644137	 2.03694
8.40000e-03	 0.000414794	 0.00131169	 0.00414794	 0.0131169	 0.0414794	 0.131169
8.45000e-03	 -0.00557592	 -0.0176326	 -0.0557592	 -0.176326	 -0.557592	 -1.76326
8.50000e-03	 -0.011146	 -0.0352468	 -0.11146	 -0.352468	 -1.1146	 -3.52468
8.55000e-03	 -0.0159443	 -0.0504202	 -0.159443	 -0.504202	 -1.59443	 -5.04202
8.60000e-03	 -0.0196752	 -0.0622184	 -0.196752	 -0.622184	 -1.96752	 -6.22184
8.65000e-03	 -0.0221169	 -0.0699399	 -0.221169	 -0.699399	 -2.21169	 -6.99399
8.70000e-03	 -0.0231343	 -0.0731571	 -0.231343	 -0.731571	 -2.31343	 -7.31571
8.75000e-03	 -0.0226856	 -0.0717381	 -0.226856	 -0.717381	 -2.26856	 -7.17381
8.80000e-03	 -0.0208234	 -0.0658493	 -0.208234	 -0.658493	 -2.08234	 -6.58493
8.85000e-03	 -0.0176892	 -0.0559381	 -0.176892	 -0.559381	 -1.76892	 -5.59381
8.90000e-03	 -0.0135026	 -0.0426988	 -0.135026	 -0.426988	 -1.35026	 -4.26988
8.95000e-03	 -0.00854547	 -0.0270231	 -0.0854547	 -0.270231	 -0.854547	 -2.70231
9.00000e-03	 -0.00314209	 -0.00993617	 -0.0314209	 -0.0993617	 -0.314209	 -0.993617
9.05000e-03	 0.00236235	 0.0074704	 0.0236235	 0.074704	 0.236235	 0.74704
9.10000e-03	 0.00762209	 0.0241032	 0.0762209	 0.241032	 0.762209	 2.41032
9.15000e-03	 0.012312	 0.0389338	 0.12312	 0.389338	 1.2312	 3.89338
9.20000e-03	 0.0161472	 0.0510618	 0.161472	 0.510618	 1.61472	 5.10618
9.25000e-03	 0.0189007	 0.0597691	 0.189007	 0.597691	 1.89007	 5.97691
9.30000e-03	 0.0204168	 0.0645635	 0.204168	 0.645635	 2.04168	 6.45635
9.35000e-03	 0.0206205	 0.0652078	 0.206205	 0.652078	 2.06205	 6.52078
9.40000e-03	 0.0195217	 0.0617329	 0.195217	 0.617329	 1.95217	 6.17329
9.45000e-03	 0.0172135	 0.0544339	 0.172135	 0.544339	 1.72135	 5.44339
9.50000e-03	 0.0138661	 0.0438484	 0.138661	 0.438484	 1.38661	 4.38484
9.55000e-03	 0.00971465	 0.0307204	 0.0971465	 0.307204	 0.971465	 3.07204
9.60000e-03	 0.00504352	 0.015949	 0.0504352	 0.15949	 0.504352	 1.5949
9.65000e-03	 0.000166992	 0.000528075	 0.00166992	 0.00528075	 0.0166992	 0.0528075
9.70000e-03	 -0.00459189	 -0.0145208	 -0.0459189	 -0.145208	 -0.459189	 -1.45208
9.75000e-03	 -0.00892298	 -0.0282169	 -0.0892298	 -0.282169	 -0.892298	 -2.82169
9.80000e-03	 -0.0125498	 -0.0396859	 -0.125498	 -0.396859	 -1.25498	 -3.96859
9.85000e-03	 -0.0152478	 -0.0482179	 -0.152478	 -0.482179	 -1.52478	 -4.82179
9.90000e-03	 -0.0168592	 -0.0533135	 -0.168592	 -0.533135	 -1.68592	 -5.33135
9.95000e-03	 -0.0173026	 -0.0547157	 -0.173026	 -0.547157	 -1.73026	 -5.47157
1.00000e-02	 -0.016578	 -0.0524241	 -0.16578	 -0.524241	 -1.6578	 -5.24241
1.00500e-02	 -0.0147651	 -0.0466914	 -0.147651	 -0.466914	 -1.47651	 -4.66914
1.01000e-02	 -0.0120173	 -0.0380022	 -0.120173	 -0.380022	 -1.20173	 -3.80022
1.01500e-02	 -0.00854919	 -0.0270349	 -0.0854919	 -0.270349	 -0.854919	 -2.70349
1.02000e-02	 -0.00462061	 -0.0146116	 -0.0462061	 -0.146116	 -0.462061	 -1.46116
1.02500e-02	 -0.0005178	 -0.00163743	 -0.005178	 -0.0163743	 -0.05178	 -0.163743
1.03000e-02	 0.00346751	 0.0109652	 0.0346751	 0.109652	 0.346751	 1.09652
1.03500e-02	 0.0070589	 0.0223222	 0.070589	 0.223222	 0.70589	 2.23222
1.04000e-02	 0.0100147	 0.0316693	 0.100147	 0.316693	 1.00147	 3.16693
1.04500e-02	 0.0121447	 0.0384048	 0.121447	 0.384048	 1.21447	 3.84048
1.05000e-02	 0.0133226	 0.0421297	 0.133226	 0.421297	 1.33226	 4.21297
1.05500e-02	 0.0134943	 0.0426726	 0.134943	 0.426726	 1.34943	 4.26726
1.06000e-02	 0.0126797	 0.0400968	 0.126797	 0.400968	 1.26797	 4.00968
1.06500e-02	 0.0109703	 0.0346912	 0.109703	 0.346912	 1.09703	 3.46912
1.07000e-02	 0.00852046	 0.0269441	 0.0852046	 0.269441	 0.852046	 2.69441
1.07500e-02	 0.00553488	 0.0175028	 0.0553488	 0.175028	 0.553488	 1.75028
1.08000e-02	 0.00225238	 0.00712265	 0.0225238	 0.0712265	 0.225238	 0.712265
1.08500e-02	 -0.00107254	 -0.00339167	 -0.0107254	 -0.0339167	 -0.107254	 -0.339167
1.09000e-02	 -0.004189	 -0.0132468	 -0.04189	 -0.132468	 -0.4189	 -1.32468
1.09500e-02	 -0.00686834	 -0.0217196	 -0.0686834	 -0.217196	 -0.686834	 -2.17196
1.10000e-02	 -0.00892073	 -0.0282098	 -0.0892073	 -0.282098	 -0.892073	 -2.82098
1.10500e-02	 -0.0102086	 -0.0322823	 -0.102086	 -0.322823	 -1.02086	 -3.22823
1.11000e-02	 -0.0106557	 -0.0336962	 -0.106557	 -0.336962	 -1.06557	 -3.36962
1.11500e-02	 -0.0102517	 -0.0324188	 -0.102517	 -0.324188	 -1.02517	 -3.24188
1.12000e-02	 -0.00905162	 -0.0286237	 -0.0905162	 -0.286237	 -0.905162	 -2.86237
1.12500e-02	 -0.00716998	 -0.0226735	 -0.0716998	 -0.226735	 -0.716998	 -2.26735
1.13000e-02	 -0.00477122	 -0.0150879	 -0.0477122	 -0.150879	 -0.477122	 -1.50879
1.13500e-02	 -0.00205601	 -0.00650168	 -0.0205601	 -0.0650168	 -0.205601	 -0.650168
1.14000e-02	 0.00075467	 0.00238647	 0.0075467	 0.0238647	 0.075467	 0.238647
1.14500e-02	 0.00343675	 0.010868	 0.0343675	 0.10868	 0.343675	 1.0868
1.15000e-02	 0.00578022	 0.0182787	 0.0578022	 0.182787	 0.578022	 1.82787
1.15500e-02	 0.00760487	 0.0240487	 0.0760487	 0.240487	 0.760487	 2.40487
1.16000e-02	 0.00877352	 0.0277443	 0.0877352	 0.277443	 0.877352	 2.77443
1.16500e-02	 0.00920183	 0.0290987	 0.0920183	 0.290987	 0.920183	 2.90987
1.17000e-02	 0.00886381	 0.0280298	 0.0886381	 0.280298	 0.886381	 2.80298
1.17500e-02	 0.00779303	 0.0246437	 0.0779303	 0.246437	 0.779303	 2.46437
1.18000e-02	 0.00607922	 0.0192242	 0.0607922	 0.192242	 0.607922	 1.92242
1.18500e-02	 0.0038608	 0.0122089	 0.038608	 0.122089	 0.38608	 1.22089
1.19000e-02	 0.00131384	 0.00415472	 0.0131384	 0.0415472	 0.131384	 0.415472
1.19500e-02	 -0.00136166	 -0.00430594	 -0.0136166	 -0.0430594	 -0.136166	 -0.430594
1.20000e-02	 -0.00395713	 -0.0125135	 -0.0395713	 -0.125135	 -0.395713	 -1.25135
1.20500e-02	 -0.00627127	 -0.0198315	 -0.0627127	 -0.198315	 -0.627127	 -1.98315
1.21000e-02	 -0.00812521	 -0.0256942	 -0.0812521	 -0.256942	 -0.812521	 -2.56942
1.21500e-02	 -0.00937585	 -0.029649	 -0.0937585	 -0.29649	 -0.937585	 -2.9649
1.22000e-02	 -0.00992644	 -0.0313901	 -0.0992644	 -0.313901	 -0.992644	 -3.13901
1.22500e-02	 -0.00973372	 -0.0307807	 -0.0973372	 -0.307807	 -0.973372	 -3.07807
1.23000e-02	 -0.00881093	 -0.0278626	 -0.0881093	 -0.278626	 -0.881093	 -2.78626
1.23500e-02	 -0.00722678	 -0.0228531	 -0.0722678	 -0.228531	 -0.722678	 -2.28531
1.24000e-02	 -0.00510015	 -0.0161281	 -0.0510015	 -0.161281	 -0.510015	 -1.61281
1.24500e-02	 -0.00259082	 -0.00819288	 -0.0259082	 -0.0819288	 -0.259082	 -0.819288
1.25000e-02	 0.000112808	 0.00035673	 0.00112808	 0.0035673	 0.0112808	 0.035673
1.25500e-02	 0.00280808	 0.00887993	 0.0280808	 0.0887993	 0.280808	 0.887993
1.26000e-02	 0.00529357	 0.0167397	 0.0529357	 0.167397	 0.529357	 1.67397
1.26500e-02	 0.00738429	 0.0233512	 0.0738429	 0.233512	 0.738429	 2.33512
1.27000e-02	 0.00892575	 0.0282257	 0.0892575	 0.282257	 0.892575	 2.82257
1.27500e-02	 0.00980562	 0.0310081	 0.0980562	 0.310081	 0.980562	 3.10081
1.28000e-02	 0.00996216	 0.0315031	 0.0996216	 0.315031	 0.996216	 3.15031
1.28500e-02	 0.00938871	 0.0296897	 0.0938871	 0.296897	 0.938871	 2.96897
1.29000e-02	 0.0081341	 0.0257223	 0.081341	 0.257223	 0.81341	 2.57223
1.29500e-02	 0.00629864	 0.019918	 0.0629864	 0.19918	 0.629864	 1.9918
1.30000e-02	 0.00402623	 0.012732	 0.0402623	 0.12732	 0.402623	 1.2732
1.30500e-02	 0.00149291	 0.00472101	 0.0149291	 0.0472101	 0.149291	 0.472101
1.31000e-02	 -0.00110714	 -0.00350107	 -0.0110714	 -0.0350107	 -0.110714	 -0.350107
1.31500e-02	 -0.00357705	 -0.0113116	 -0.0357705	 -0.113116	 -0.357705	 -1.13116
1.32000e-02	 -0.00573262	 -0.0181281	 -0.0573262	 -0.181281	 -0.573262	 -1.81281
1.32500e-02	 -0.00741634	 -0.0234525	 -0.0741634	 -0.234525	 -0.741634	 -2.34525
1.33000e-02	 -0.00850941	 -0.0269091	 -0.0850941	 -0.269091	 -0.850941	 -2.69091
1.33500e-02	 -0.00893999	 -0.0282707	 -0.0893999	 -0.282707	 -0.893999	 -2.82707
1.34000e-02	 -0.00868643	 -0.0274689	 -0.0868643	 -0.274689	 -0.868643	 -2.74689
1.34500e-02	 -0.00777743	 -0.0245944	 -0.0777743	 -0.245944	 -0.777743	 -2.45944
1.35000e-02	 -0.00628878	 -0.0198869	 -0.0628878	 -0.198869	 -0.628878	 -1.98869
1.35500e-02	 -0.00433629	 -0.0137125	 -0.0433629	 -0.137125	 -0.433629	 -1.37125
1.36000e-02	 -0.00206585	 -0.0065328	 -0.0206585	 -0.065328	 -0.206585	 -0.65328
1.36500e-02	 0.000358485	 0.00113363	 0.00358485	 0.0113363	 0.0358485	 0.113363
1.37000e-02	 0.00276724	 0.00875077	 0.0276724	 0.0875077	 0.276724	 0.875077
1.37500e-02	 0.00499765	 0.015804	 0.0499765	 0.15804	 0.499765	 1.5804
1.38000e-02	 0.00690446	 0.0218338	 0.0690446	 0.218338	 0.690446	 2.18338
1.38500e-02	 0.00836867	 0.0264641	 0.0836867	 0.264641	 0.836867	 2.64641
1.39000e-02	 0.00930407	 0.029422	 0.0930407	 0.29422	 0.930407	 2.9422
1.39500e-02	 0.00966083	 0.0305502	 0.0966083	 0.305502	 0.966083	 3.05502
1.40000e-02	 0.0094262	 0.0298082	 0.094262	 0.298082	 0.94262	 2.98082
1.40500e-02	 0.00862262	 0.0272671	 0.0862262	 0.272671	 0.862262	 2.72671
1.41000e-02	 0.00730389	 0.0230969	 0.0730389	 0.230969	 0.730389	 2.30969
1.41500e-02	 0.00555012	 0.017551	 0.0555012	 0.17551	 0.555012	 1.7551
1.42000e-02	 0.00346196	 0.0109477	 0.0346196	 0.109477	 0.346196	 1.09477
1.42500e-02	 0.00115484	 0.00365194	 0.0115484	 0.0365194	 0.115484	 0.365194
1.43000e-02	 -0.00124674	 -0.00394254	 -0.0124674	 -0.0394254	 -0.124674	 -0.394254
1.43500e-02	 -0.00361451	 -0.0114301	 -0.0361451	 -0.114301	 -0.361451	 -1.14301
1.44000e-02	 -0.00582146	 -0.0184091	 -0.0582146	 -0.184091	 -0.582146	 -1.84091
1.44500e-02	 -0.00774718	 -0.0244987	 -0.0774718	 -0.244987	 -0.774718	 -2.44987
1.45000e-02	 -0.00928312	 -0.0293558	 -0.0928312	 -0.293558	 -0.928312	 -2.93558
1.45500e-02	 -0.0103378	 -0.032691	 -0.103378	 -0.32691	 -1.03378	 -3.2691
1.46000e-02	 -0.0108419	 -0.0342852	 -0.108419	 -0.342852	 -1.08419	 -3.42852
1.46500e-02	 -0.0107537	 -0.0340063	 -0.107537	 -0.340063	 -1.07537	 -3.40063
1.47000e-02	 -0.0100637	 -0.0318242	 -0.100637	 -0.318242	 -1.00637	 -3.18242
1.47500e-02	 -0.00879824	 -0.0278225	 -0.0879824	 -0.278225	 -0.879824	 -2.78225
1.48000e-02	 -0.00702186	 -0.0222051	 -0.0702186	 -0.222051	 -0.702186	 -2.22051
1.48500e-02	 -0.00483634	 -0.0152939	 -0.0483634	 -0.152939	 -0.483634	 -1.52939
1.49000e-02	 -0.0023771	 -0.00751704	 -0.023771	 -0.0751704	 -0.23771	 -0.751704
1.49500e-02	 0.000193685	 0.000612486	 0.00193685	 0.00612486	 0.0193685	 0.0612486
1.50000e-02	 0.00269694	 0.00852847	 0.0269694	 0.0852847	 0.269694	 0.852847
1.50500e-02	 0.0049493	 0.015651	 0.049493	 0.15651	 0.49493	 1.5651
1.51000e-02	 0.0067773	 0.0214317	 0.067773	 0.214317	 0.67773	 2.14317
1.51500e-02	 0.00803205	 0.0253996	 0.0803205	 0.253996	 0.803205	 2.53996
1.52000e-02	 0.00860296	 0.0272049	 0.0860296	 0.272049	 0.860296	 2.72049
1.52500e-02	 0.00842938	 0.026656	 0.0842938	 0.26656	 0.842938	 2.6656
1.53000e-02	 0.00750861	 0.0237443	 0.0750861	 0.237443	 0.750861	 2.37443
1.53500e-02	 0.00589939	 0.0186555	 0.0589939	 0.186555	 0.589939	 1.86555
1.54000e-02	 0.00372025	 0.0117645	 0.0372025	 0.117645	 0.372025	 1.17645
1.54500e-02	 0.0011426	 0.00361322	 0.011426	 0.0361322	 0.11426	 0.361322
1.55000e-02	 -0.00162142	 -0.00512736	 -0.0162142	 -0.0512736	 -0.162142	 -0.512736
1.55500e-02	 -0.00433534	 -0.0137095	 -0.0433534	 -0.137095	 -0.433534	 -1.37095
1.56000e-02	 -0.00675784	 -0.0213701	 -0.0675784	 -0.213701	 -0.675784	 -2.13701
1.56500e-02	 -0.00866348	 -0.0273963	 -0.0866348	 -0.273963	 -0.866348	 -2.73963
1.57000e-02	 -0.00986286	 -0.0311891	 -0.0986286	 -0.311891	 -0.986286	 -3.11891
1.57500e-02	 -0.0102203	 -0.0323194	 -0.102203	 -0.323194	 -1.02203	 -3.23194
1.58000e-02	 -0.00966741	 -0.030571	 -0.0966741	 -0.30571	 -0.966741	 -3.0571
1.58500e-02	 -0.00821109	 -0.0259657	 -0.0821109	 -0.259657	 -0.821109	 -2.59657
1.59000e-02	 -0.00593502	 -0.0187682	 -0.0593502	 -0.187682	 -0.593502	 -1.87682
1.59500e-02	 -0.00299433	 -0.00946891	 -0.0299433	 -0.0946891	 -0.299433	 -0.946891
1.60000e-02	 0.000395989	 0.00125223	 0.00395989	 0.0125223	 0.0395989	 0.125223
1.60500e-02	 0.0039782	 0.0125802	 0.039782	 0.125802	 0.39782	 1.25802
1.61000e-02	 0.00747278	 0.023631	 0.0747278	 0.23631	 0.747278	 2.3631
1.61500e-02	 0.0106015	 0.0335247	 0.106015	 0.335247	 1.06015	 3.35247
1.62000e-02	 0.0131101	 0.0414578	 0.131101	 0.414578	 1.31101	 4.14578
1.62500e-02	 0.0147897	 0.0467693	 0.147897	 0.467693	 1.47897	 4.67693
1.63000e-02	 0.0154934	 0.0489944	 0.154934	 0.489944	 1.54934	 4.89944
1.63500e-02	 0.015148	 0.0479023	 0.15148	 0.479023	 1.5148	 4.79023
1.64000e-02	 0.0137603	 0.0435138	 0.137603	 0.435138	 1.37603	 4.35138
1.64500e-02	 0.0114154	 0.0360987	 0.114154	 0.360987	 1.14154	 3.60987
1.65000e-02	 0.00827004	 0.0261521	 0.0827004	 0.261521	 0.827004	 2.61521
1.65500e-02	 0.00453924	 0.0143543	 0.0453924	 0.143543	 0.453924	 1.43543
1.66000e-02	 0.00047916	 0.00151524	 0.0047916	 0.0151524	 0.047916	 0.151524
1.66500e-02	 -0.00363304	 -0.0114887	 -0.0363304	 -0.114887	 -0.363304	 -1.14887
1.67000e-02	 -0.00752053	 -0.023782	 -0.0752053	 -0.23782	 -0.752053	 -2.3782
1.67500e-02	 -0.0109278	 -0.0345567	 -0.109278	 -0.345567	 -1.09278	 -3.45567
1.68000e-02	 -0.0136391	 -0.0431305	 -0.136391	 -0.431305	 -1.36391	 -4.31305
1.68500e-02	 -0.0154931	 -0.0489934	 -0.154931	 -0.489934	 -1.54931	 -4.89934
1.69000e-02	 -0.016393	 -0.0518392	 -0.16393	 -0.518392	 -1.6393	 -5.18392
1.69500e-02	 -0.0163113	 -0.0515807	 -0.163113	 -0.515807	 -1.63113	 -5.15807
1.70000e-02	 -0.0152891	 -0.0483483	 -0.152891	 -0.483483	 -1.52891	 -4.83483
1.70500e-02	 -0.013431	 -0.0424727	 -0.13431	 -0.424727	 -1.3431	 -4.24727
1.71000e-02	 -0.0108953	 -0.034454	 -0.108953	 -0.34454	 -1.08953	 -3.4454
1.71500e-02	 -0.00788085	 -0.0249214	 -0.0788085	 -0.249214	 -0.788085	 -2.49214
1.72000e-02	 -0.00461262	 -0.0145864	 -0.0461262	 -0.145864	 -0.461262	 -1.45864
1.72500e-02	 -0.00132575	 -0.00419239	 -0.0132575	 -0.0419239	 -0.132575	 -0.419239
1.73000e-02	 0.00174994	 0.00553378	 0.0174994	 0.0553378	 0.174994	 0.553378
1.73500e-02	 0.00440439	 0.0139279	 0.0440439	 0.139279	 0.440439	 1.39279
1.74000e-02	 0.0064598	 0.0204277	 0.064598	 0.204277	 0.64598	 2.04277
1.74500e-02	 0.0077807	 0.0246047	 0.077807	 0.246047	 0.77807	 2.46047
1.75000e-02	 0.0082812	 0.0261875	 0.082812	 0.261875	 0.82812	 2.61875
1.75500e-02	 0.00792929	 0.0250746	 0.0792929	 0.250746	 0.792929	 2.50746
1.76000e-02	 0.00674805	 0.0213392	 0.0674805	 0.213392	 0.674805	 2.13392
1.76500e-02	 0.0048139	 0.0152229	 0.048139	 0.152229	 0.48139	 1.52229
1.77000e-02	 0.00225125	 0.00711907	 0.0225125	 0.0711907	 0.225125	 0.711907
1.77500e-02	 -0.000774843	 -0.00245027	 -0.00774843	 -0.0245027	 -0.0774843	 -0.245027
1.78000e-02	 -0.00406802	 -0.0128642	 -0.0406802	 -0.128642	 -0.406802	 -1.28642
1.78500e-02	 -0.00741273	 -0.0234411	 -0.0741273	 -0.234411	 -0.741273	 -2.34411
1.79000e-02	 -0.0105884	 -0.0334833	 -0.105884	 -0.334833	 -1.05884	 -3.34833
1.79500e-02	 -0.0133847	 -0.0423261	 -0.133847	 -0.423261	 -1.33847	 -4.23261
1.80000e-02	 -0.0156175	 -0.049387	 -0.156175	 -0.49387	 -1.56175	 -4.9387
1.80500e-02	 -0.0171434	 -0.0542121	 -0.171434	 -0.542121	 -1.71434	 -5.42121
1.81000e-02	 -0.017872	 -0.0565161	 -0.17872	 -0.565161	 -1.7872	 -5.65161
1.81500e-02	 -0.0177757	 -0.0562117	 -0.177757	 -0.562117	 -1.77757	 -5.62117
1.82000e-02	 -0.0168943	 -0.0534246	 -0.168943	 -0.534246	 -1.68943	 -5.34246
1.82500e-02	 -0.0153339	 -0.0484901	 -0.153339	 -0.484901	 -1.53339	 -4.84901
1.83000e-02	 -0.0132596	 -0.0419306	 -0.132596	 -0.419306	 -1.32596	 -4.19306
1.83500e-02	 -0.010882	 -0.0344119	 -0.10882	 -0.344119	 -1.0882	 -3.44119
1.84000e-02	 -0.008438	 -0.0266833	 -0.08438	 -0.266833	 -0.8438	 -2.66833
1.84500e-02	 -0.00616734	 -0.0195028	 -0.0616734	 -0.195028	 -0.616734	 -1.95028
1.85000e-02	 -0.00428712	 -0.0135571	 -0.0428712	 -0.135571	 -0.428712	 -1.35571
1.85500e-02	 -0.00296752	 -0.00938413	 -0.0296752	 -0.0938413	 -0.296752	 -0.938413
1.86000e-02	 -0.00231178	 -0.00731048	 -0.0231178	 -0.0731048	 -0.231178	 -0.731048
1.86500e-02	 -0.00234319	 -0.00740983	 -0.0234319	 -0.0740983	 -0.234319	 -0.740983
1.87000e-02	 -0.00300135	 -0.0094911	 -0.0300135	 -0.094911	 -0.300135	 -0.94911
1.87500e-02	 -0.00414858	 -0.013119	 -0.0414858	 -0.13119	 -0.414858	 -1.3119
1.88000e-02	 -0.00558683	 -0.0176671	 -0.0558683	 -0.176671	 -0.558683	 -1.76671
1.88500e-02	 -0.00708345	 -0.0223998	 -0.0708345	 -0.223998	 -0.708345	 -2.23998
1.89000e-02	 -0.0084027	 -0.0265717	 -0.084027	 -0.265717	 -0.84027	 -2.65717
1.89500e-02	 -0.00933819	 -0.0295299	 -0.0933819	 -0.295299	 -0.933819	 -2.95299
1.90000e-02	 -0.00974166	 -0.0308058	 -0.0974166	 -0.308058	 -0.974166	 -3.08058
1.90500e-02	 -0.00954441	 -0.030182	 -0.0954441	 -0.30182	 -0.954441	 -3.0182
1.91000e-02	 -0.00876692	 -0.0277234	 -0.0876692	 -0.277234	 -0.876692	 -2.77234
1.91500e-02	 -0.00751422	 -0.0237621	 -0.0751422	 -0.237621	 -0.751422	 -2.37621
1.92000e-02	 -0.00595767	 -0.0188398	 -0.0595767	 -0.188398	 -0.595767	 -1.88398
1.92500e-02	 -0.004305	 -0.0136136	 -0.04305	 -0.136136	 -0.4305	 -1.36136
1.93000e-02	 -0.0027595	 -0.00872631	 -0.027595	 -0.0872631	 -0.27595	 -0.872631
1.93500e-02	 -0.00147339	 -0.00465927	 -0.0147339	 -0.0465927	 -0.147339	 -0.465927
1.94000e-02	 -0.000504179	 -0.00159435	 -0.00504179	 -0.0159435	 -0.0504179	 -0.159435
1.94500e-02	 0.000219367	 0.000693698	 0.00219367	 0.00693698	 0.0219367	 0.0693698
1.95000e-02	 0.000916671	 0.00289877	 0.00916671	 0.0289877	 0.0916671	 0.289877
1.95500e-02	 0.00195376	 0.00617834	 0.0195376	 0.0617834	 0.195376	 0.617834
1.96000e-02	 0.00381549	 0.0120656	 0.0381549	 0.120656	 0.381549	 1.20656
1.96500e-02	 0.00704883	 0.0222904	 0.0704883	 0.222904	 0.704883	 2.22904
1.97000e-02	 0.0121781	 0.0385107	 0.121781	 0.385107	 1.21781	 3.85107
1.97500e-02	 0.0196052	 0.061997	 0.196052	 0.61997	 1.96052	 6.1997
1.98000e-02	 0.0295162	 0.0933383	 0.295162	 0.933383	 2.95162	 9.33383
1.98500e-02	 0.041811	 0.132218	 0.41811	 1.32218	 4.1811	 13.2218
1.99000e-02	 0.0560597	 0.177276	 0.560597	 1.77276	 5.60597	 17.7276
1.99500e-02	 0.0715001	 0.226103	 0.715001	 2.26103	 7.15001	 22.6103
2.00000e-02	 0.0870904	 0.275404	 0.870904	 2.75404	 8.70904	 27.5404
2.00500e-02	 0.101617	 0.32134	 1.01617	 3.2134	 10.1617	 32.134
2.01000e-02	 0.113843	 0.360002	 1.13843	 3.60002	 11.3843	 36.0002
2.01500e-02	 0.122689	 0.387975	 1.22689	 3.87975	 12.2689	 38.7975
2.02000e-02	 0.127416	 0.402924	 1.27416	 4.02924	 12.7416	 40.2924
2.02500e-02	 0.127784	 0.404088	 1.27784	 4.04088	 12.7784	 40.4088
2.03000e-02	 0.124153	 0.392605	 1.24153	 3.92605	 12.4153	 39.2605
2.03500e-02	 0.117488	 0.371528	 1.17488	 3.71528	 11.7488	 37.1528
2.04000e-02	 0.109256	 0.345498	 1.09256	 3.45498	 10.9256	 34.5498
2.04500e-02	 0.101239	 0.320147	 1.01239	 3.20147	 10.1239	 32.0147
2.05000e-02	 0.0952928	 0.301342	 0.952928	 3.01342	 9.52928	 30.1342
2.05500e-02	 0.093068	 0.294307	 0.93068	 2.94307	 9.3068	 29.4307
2.06000e-02	 0.0957115	 0.302666	 0.957115	 3.02666	 9.57115	 30.2666
2.06500e-02	 0.103592	 0.327588	 1.03592	 3.27588	 10.3592	 32.7588
2.07000e-02	 0.116116	 0.367192	 1.16116	 3.67192	 11.6116	 36.7192
2.07500e-02	 0.131674	 0.416391	 1.31674	 4.16391	 13.1674	 41.6391
2.08000e-02	 0.147762	 0.467264	 1.47762	 4.67264	 14.7762	 46.7264
2.08500e-02	 0.161261	 0.509951	 1.61261	 5.09951	 16.1261	 50.9951
2.09000e-02	 0.168859	 0.533979	 1.68859	 5.33979	 16.8859	 53.3979
2.09500e-02	 0.167569	 0.529901	 1.67569	 5.29901	 16.7569	 52.9901
2.10000e-02	 0.15527	 0.491007	 1.5527	 4.91007	 15.527	 49.1007
2.10500e-02	 0.131156	 0.414753	 1.31156	 4.14753	 13.1156	 41.4753
2.11000e-02	 0.096031	 0.303677	 0.96031	 3.03677	 9.6031	 30.3677
2.11500e-02	 0.0524079	 0.165728	 0.524079	 1.65728	 5.24079	 16.5728
2.12000e-02	 0.00438758	 0.0138747	 0.0438758	 0.138747	 0.438758	 1.38747
2.12500e-02	 -0.0427494	 -0.135185	 -0.427494	 -1.35185	 -4.27494	 -13.5185
2.13000e-02	 -0.0832141	 -0.263146	 -0.832141	 -2.63146	 -8.32141	 -26.3146
2.13500e-02	 -0.111555	 -0.352768	 -1.11555	 -3.52768	 -11.1555	 -35.2768
2.14000e-02	 -0.12356	 -0.39073	 -1.2356	 -3.9073	 -12.356	 -39.073
2.14500e-02	 -0.117056	 -0.370163	 -1.17056	 -3.70163	 -11.7056	 -37.0163
2.15000e-02	 -0.0924832	 -0.292458	 -0.924832	 -2.92458	 -9.24832	 -29.2458
2.15500e-02	 -0.0531548	 -0.16809	 -0.531548	 -1.6809	 -5.31548	 -16.809
2.16000e-02	 -0.00515155	 -0.0162906	 -0.0515155	 -0.162906	 -0.515155	 -1.62906
2.16500e-02	 0.0432052	 0.136627	 0.432052	 1.36627	 4.32052	 13.6627
2.17000e-02	 0.0822528	 0.260106	 0.822528	 2.60106	 8.22528	 26.0106
2.17500e-02	 0.102141	 0.322999	 1.02141	 3.22999	 10.2141	 32.2999
2.18000e-02	 0.0941434	 0.297708	 0.941434	 2.97708	 9.41434	 29.7708
2.18500e-02	 0.0519912	 0.164411	 0.519912	 1.64411	 5.19912	 16.4411
2.19000e-02	 -0.0269519	 -0.0852294	 -0.269519	 -0.852294	 -2.69519	 -8.52294
2.19500e-02	 -0.140847	 -0.445397	 -1.40847	 -4.45397	 -14.0847	 -44.5397
2.20000e-02	 -0.282956	 -0.894784	 -2.82956	 -8.94784	 -28.2956	 -89.4784
2.20500e-02	 -0.441749	 -1.39693	 -4.41749	 -13.9693	 -44.1749	 -139.693
2.21000e-02	 -0.601641	 -1.90255	 -6.01641	 -19.0255	 -60.1641	 -190.255
2.21500e-02	 -0.744351	 -2.35384	 -7.44351	 -23.5384	 -74.4351	 -235.384
2.22000e-02	 -0.850783	 -2.69041	 -8.50783	 -26.9041	 -85.0783	 -269.041
2.22500e-02	 -0.903217	 -2.85622	 -9.03217	 -28.5622	 -90.3217	 -285.622
2.23000e-02	 -0.887559	 -2.80671	 -8.87559	 -28.0671	 -88.7559	 -280.671
2.23500e-02	 -0.79541	 -2.51531	 -7.9541	 -25.1531	 -79.541	 -251.531
2.24000e-02	 -0.625684	 -1.97859	 -6.25684	 -19.7859	 -62.5684	 -197.859
2.24500e-02	 -0.385468	 -1.21896	 -3.85468	 -12.1896	 -38.5468	 -121.896
2.25000e-02	 -0.0898471	 -0.284121	 -0.898471	 -2.84121	 -8.98471	 -28.4121
2.25500e-02	 0.239335	 0.756844	 2.39335	 7.56844	 23.9335	 75.6844
2.26000e-02	 0.575682	 1.82047	 5.75682	 18.2047	 57.5682	 182.047
2.26500e-02	 0.89118	 2.81816	 8.9118	 28.1816	 89.118	 281.816
2.27000e-02	 1.1596	 3.66696	 11.596	 36.6696	 115.96	 366.696
2.27500e-02	 1.35988	 4.30033	 13.5988	 43.0033	 135.988	 430.033
2.28000e-02	 1.47901	 4.67704	 14.7901	 46.7704	 147.901	 467.704
2.28500e-02	 1.51365	 4.78658	 15.1365	 47.8658	 151.365	 478.658
2.29000e-02	 1.47059	 4.65041	 14.7059	 46.5041	 147.059	 465.041
2.29500e-02	 1.36603	 4.31976	 13.6603	 43.1976	 136.603	 431.976
2.30000e-02	 1.22361	 3.8694	 12.2361	 38.694	 122.361	 386.94
2.30500e-02	 1.07107	 3.38701	 10.7107	 33.8701	 107.107	 338.701
2.31000e-02	 0.935377	 2.95792	 9.35377	 29.5792	 93.5377	 295.792
2.31500e-02	 0.837495	 2.64839	 8.37495	 26.4839	 83.7495	 264.839
2.32000e-02	 0.787875	 2.49148	 7.87875	 24.9148	 78.7875	 249.148
2.32500e-02	 0.78249	 2.47445	 7.8249	 24.7445	 78.249	 247.445
2.33000e-02	 0.799641	 2.52868	 7.99641	 25.2868	 79.9641	 252.868
2.33500e-02	 0.7981	 2.52381	 7.981	 25.2381	 79.81	 252.381
2.34000e-02	 0.717829	 2.26997	 7.17829	 22.6997	 71.7829	 226.997
2.34500e-02	 0.486417	 1.53819	 4.86417	 15.3819	 48.6417	 153.819
2.35000e-02	 0.0295875	 0.0935638	 0.295875	 0.935638	 2.95875	 9.35638
2.35500e-02	 -0.715767	 -2.26345	 -7.15767	 -22.6345	 -71.5767	 -226.345
2.36000e-02	 -1.78743	 -5.65234	 -17.8743	 -56.5234	 -178.743	 -565.234
2.36500e-02	 -3.18342	 -10.0668	 -31.8342	 -100.668	 -318.342	 -1006.68
2.37000e-02	 -4.84035	 -15.3065	 -48.4035	 -153.065	 -484.035	 -1530.65
2.37500e-02	 -6.62427	 -20.9478	 -66.2427	 -209.478	 -662.427	 -2094.78
2.38000e-02	 -8.36119	 -26.4404	 -83.6119	 -264.404	 -836.119	 -2644.04
2.38500e-02	 -9.88366	 -31.2549	 -98.8366	 -312.549	 -988.366	 -3125.49
2.39000e-02	 -11.0651	 -34.9909	 -110.651	 -349.909	 -1106.51	 -3499.09
2.39500e-02	 -11.8402	 -37.4421	 -118.402	 -374.421	 -1184.02	 -3744.21
2.40000e-02	 -12.2095	 -38.6097	 -122.095	 -386.097	 -1220.95	 -3860.97
2.40500e-02	 -12.2274	 -38.6664	 -122.274	 -386.664	 -1222.74	 -3866.64
2.41000e-02	 -11.9787	 -37.8798	 -119.787	 -378.798	 -1197.87	 -3787.98
2.41500e-02	 -11.5439	 -36.5052	 -115.439	 -365.052	 -1154.39	 -3650.52
2.42000e-02	 -10.9657	 -34.6765	 -109.657	 -346.765	 -1096.57	 -3467.65
2.42500e-02	 -10.2207	 -32.3207	 -102.207	 -323.207	 -1022.07	 -3232.07
2.43000e-02	 -9.2062	 -29.1126	 -92.062	 -291.126	 -920.62	 -2911.26
2.43500e-02	 -7.74157	 -24.481	 -77.4157	 -244.81	 -774.157	 -2448.1
2.44000e-02	 -5.58708	 -17.6679	 -55.8708	 -176.679	 -558.708	 -1766.79
2.44500e-02	 -2.47776	 -7.83538	 -24.7776	 -78.3538	 -247.776	 -783.538
2.45000e-02	 1.83047	 5.78846	 18.3047	 57.8846	 183.047	 578.846
2.45500e-02	 7.50817	 23.7429	 75.0817	 237.429	 750.817	 2374.29
2.46000e-02	 14.6004	 46.1706	 146.004	 461.706	 1460.04	 4617.06
2.46500e-02	 22.9833	 72.6797	 229.833	 726.797	 2298.33	 7267.97
2.47000e-02	 32.335	 102.252	 323.35	 1022.52	 3233.5	 10225.2
2.47500e-02	 42.1269	 133.217	 421.269	 1332.17	 4212.69	 13321.7
2.48000e-02	 51.639	 163.297	 516.39	 1632.97	 5163.9	 16329.7
2.48500e-02	 59.9997	 189.736	 599.997	 1897.36	 5999.97	 18973.6
2.49000e-02	 66.2493	 209.499	 662.493	 2094.99	 6624.93	 20949.9
2.49500e-02	 69.4225	 219.533	 694.225	 2195.33	 6942.25	 21953.3
2.50000e-02	 68.6433	 217.069	 686.433	 2170.69	 6864.33	 21706.9
2.50500e-02	 63.2235	 199.93	 632.235	 1999.3	 6322.35	 19993
2.51000e-02	 52.7555	 166.827	 527.555	 1668.27	 5275.55	 16682.7
2.51500e-02	 37.1898	 117.604	 371.898	 1176.04	 3718.98	 11760.4
2.52000e-02	 16.8879	 53.4041	 168.879	 534.041	 1688.79	 5340.38
2.52500e-02	 -7.35707	 -23.2651	 -73.5707	 -232.651	 -735.707	 -2326.78
2.53000e-02	 -34.3349	 -108.577	 -343.349	 -1085.77	 -3433.49	 -10858.9
2.53500e-02	 -62.4722	 -197.554	 -624.722	 -1975.54	 -6247.22	 -19759.2
2.54000e-02	 -89.921	 -284.355	 -899.21	 -2843.55	 -8992.1	 -28445.3
2.54500e-02	 -114.68	 -362.651	 -1146.8	 -3626.51	 -11468	 -36286.3
2.55000e-02	 -134.74	 -426.085	 -1347.4	 -4260.85	 -13474	 -42648.7
2.55500e-02	 -148.236	 -468.763	 -1482.36	 -4687.63	 -14823.6	 -46943.9
2.56000e-02	 -153.609	 -485.756	 -1536.09	 -4857.56	 -15360.9	 -48676
2.56500e-02	 -149.75	 -473.551	 -1497.5	 -4735.51	 -14975	 -47484.4
2.57000e-02	 -136.116	 -430.435	 -1361.16	 -4304.35	 -13611.6	 -43178
2.57500e-02	 -112.817	 -356.759	 -1128.17	 -3567.59	 -11281.7	 -35757.3
2.58000e-02	 -80.6562	 -255.057	 -806.562	 -2550.57	 -8065.62	 -25424
2.58500e-02	 -41.1159	 -130.02	 -411.159	 -1300.2	 -4111.59	 -12575.4
2.59000e-02	 3.70333	 11.7109	 37.0333	 117.109	 370.333	 2215.03
2.59500e-02	 51.1964	 161.897	 511.964	 1618.97	 5119.64	 18229.3
2.60000e-02	 98.4099	 311.199	 984.099	 3111.99	 9840.99	 34646.7
2.60500e-02	 142.232	 449.778	 1422.32	 4497.78	 14223.2	 50592.6
2.61000e-02	 179.606	 567.965	 1796.06	 5679.65	 17960.6	 65190.6
2.61500e-02	 207.746	 656.949	 2077.46	 6569.49	 20774.5	 77614.1
2.62000e-02	 224.344	 709.439	 2243.44	 7094.39	 22434.3	 87135.2
2.62500e-02	 227.759	 720.238	 2277.59	 7202.38	 22775.1	 93166
2.63000e-02	 217.155	 686.703	 2171.55	 6867.03	 21712.4	 95291.9
2.63500e-02	 192.593	 609.031	 1925.93	 6090.31	 19250.3	 93293.1
2.64000e-02	 155.067	 490.363	 1550.67	 4903.63	 15484	 87154.9
2.64500e-02	 106.469	 336.685	 1064.69	 3366.85	 10596.6	 77066.5
2.65000e-02	 49.4972	 156.524	 494.972	 1565.24	 4848.48	 63407.5
2.65500e-02	 -12.5043	 -39.5421	 -125.043	 -395.421	 -1437.91	 46724.8
2.66000e-02	 -75.7452	 -239.527	 -757.452	 -2395.27	 -7898	 27700.9
2.66500e-02	 -136.232	 -430.803	 -1362.32	 -4308.03	 -14148	 7116.52
2.67000e-02	 -190.03	 -600.926	 -1900.3	 -6009.26	 -19809.3	 -14190.8
2.67500e-02	 -233.526	 -738.475	 -2335.26	 -7384.75	 -24532.1	 -35369.3
2.68000e-02	 -263.684	 -833.841	 -2636.84	 -8338.41	 -28017.6	 -55593.5
2.68500e-02	 -278.253	 -879.912	 -2782.53	 -8799.12	 -30036.7	 -74102
2.69000e-02	 -275.942	 -872.606	 -2759.42	 -8726.06	 -30443.8	 -90228.5
2.69500e-02	 -256.526	 -811.205	 -2565.26	 -8112.05	 -29185.9	 -103427
2.70000e-02	 -220.879	 -698.48	 -2208.79	 -6984.8	 -26305.3	 -113291
2.70500e-02	 -170.943	 -540.568	 -1709.43	 -5405.68	 -21936.5	 -119557
2.71000e-02	 -109.616	 -346.636	 -1096.16	 -3466.36	 -16297.9	 -122113
2.71500e-02	 -40.5811	 -128.329	 -405.811	 -1283.29	 -9678.25	 -120987
2.72000e-02	 31.926	 100.959	 319.26	 1009.59	 -2419.55	 -116340
2.72500e-02	 103.384	 326.93	 1033.84	 3269.3	 5103.11	 -108443
2.73000e-02	 169.28	 535.309	 1692.8	 5353.09	 12502.7	 -97663.6
2.73500e-02	 225.4	 712.776	 2254	 7127.76	 19402	 -84436.4
2.74000e-02	 268.112	 847.844	 2681.12	 8478.44	 25453.3	 -69244.8
2.74500e-02	 294.606	 931.626	 2946.06	 9316.26	 30356.8	 -52596.7
2.75000e-02	 303.084	 958.434	 3030.84	 9584.34	 33875.2	 -35003.4
2.75500e-02	 292.883	 926.176	 2928.83	 9261.76	 35844.4	 -16962.5
2.76000e-02	 264.53	 836.516	 2645.3	 8365.15	 36179.8	 1057.32
2.76500e-02	 219.711	 694.787	 2197.11	 6947.8	 34878.8	 18627.1
2.77000e-02	 161.171	 509.666	 1611.71	 5096.38	 32018.1	 35364.4
2.77500e-02	 92.5357	 292.623	 925.357	 2925.4	 27747.5	 50937.4
2.78000e-02	 18.0866	 57.1948	 180.866	 569.86	 22280.1	 65064.5
2.78500e-02	 -57.5187	 -181.89	 -575.187	 -1823.45	 15879.7	 77513
2.79000e-02	 -129.544	 -409.653	 -1295.44	 -4105.43	 8846.76	 88094.7
2.79500e-02	 -193.479	 -611.835	 -1934.79	 -6134.25	 1502.02	 96660.9
2.80000e-02	 -245.332	 -775.806	 -2453.32	 -7784.37	 -5828.69	 103098
2.80500e-02	 -281.88	 -891.381	 -2818.8	 -8954.46	 -12830	 107323
2.81000e-02	 -300.88	 -951.464	 -3008.8	 -9573.73	 -19210.7	 109281
2.81500e-02	 -301.206	 -952.496	 -3012.06	 -9606.09	 -24716.4	 108939
2.82000e-02	 -282.919	 -894.667	 -2829.19	 -9052.15	 -29138.6	 106296
2.82500e-02	 -247.256	 -781.893	 -2472.56	 -7948.76	 -32321.9	 101372
2.83000e-02	 -196.548	 -621.54	 -1965.48	 -6366.25	 -34168.7	 94224.7
2.83500e-02	 -134.06	 -423.936	 -1340.6	 -4403.65	 -34640.3	 84943.7
2.84000e-02	 -63.7807	 -201.692	 -637.807	 -2182.03	 -33755.7	 73661.5
2.84500e-02	 9.84095	 31.1198	 98.4095	 163.241	 -31588.3	 60557.3
2.85000e-02	 82.18	 259.876	 821.8	 2491.1	 -28260.1	 45861
2.85500e-02	 148.734	 470.337	 1487.34	 4663.52	 -23934.5	 29856.2
2.86000e-02	 205.406	 649.551	 2054.06	 6553.81	 -18807.6	 12881.4
2.86500e-02	 248.766	 786.666	 2487.66	 8054.06	 -13099.3	 -4673.16
2.87000e-02	 276.255	 873.596	 2762.55	 9081.25	 -7043.16	 -22370
2.87500e-02	 286.346	 905.506	 2863.46	 9581.63	 -876.971	 -39733.4
2.88000e-02	 278.622	 881.081	 2786.22	 9533.27	 5166.18	 -56261.8
2.88500e-02	 253.794	 802.567	 2537.94	 8946.62	 10866.5	 -71442.4
2.89000e-02	 213.637	 675.579	 2136.37	 7863.11	 16024.9	 -84769.6
2.89500e-02	 160.867	 508.705	 1608.67	 6351.92	 20469.1	 -95764.3
2.90000e-02	 98.9533	 312.918	 989.533	 4505.29	 24058.7	 -103995
2.90500e-02	 31.8896	 100.844	 318.896	 2432.55	 26688.3	 -109100
2.91000e-02	 -36.0683	 -114.058	 -360.683	 253.402	 28290.5	 -110803
2.91500e-02	 -100.675	 -318.362	 -1006.75	 -1909.23	 28835.6	 -108937
2.92000e-02	 -157.964	 -499.525	 -1579.64	 -3936.26	 28332.3	 -103452
2.92500e-02	 -204.493	 -646.664	 -2044.93	 -5719.06	 26825.2	 -94430.5
2.93000e-02	 -237.556	 -751.219	 -2375.56	 -7165.23	 24392.6	 -82087.7
2.93500e-02	 -255.337	 -807.448	 -2553.37	 -8203.29	 21142.7	 -66773.4
2.94000e-02	 -257.011	 -812.741	 -2570.11	 -8786.02	 17209.5	 -48963.4
2.94500e-02	 -242.778	 -767.733	 -2427.78	 -8892.27	 12747.5	 -29247.1
2.95000e-02	 -213.831	 -676.192	 -2138.31	 -8527.37	 7926.04	 -8308.09
2.95500e-02	 -172.26	 -544.732	 -1722.6	 -7721.93	 2923.97	 13099.8
2.96000e-02	 -120.904	 -382.333	 -1209.04	 -6529.43	 -2076.84	 34181.1
2.96500e-02	 -63.1602	 -199.73	 -631.602	 -5022.53	 -6897.38	 54130
2.97000e-02	 -2.7511	 -8.69975	 -27.511	 -3288.56	 -11367.4	 72163.9
2.97500e-02	 56.5104	 178.702	 565.104	 -1424.34	 -15331.3	 87556.9
2.98000e-02	 110.966	 350.905	 1109.66	 469.284	 -18652.7	 99672.4
2.98500e-02	 157.337	 497.544	 1573.37	 2292.97	 -21219.8	 107992
2.99000e-02	 192.926	 610.085	 1929.26	 3954.05	 -22948.6	 112142
2.99500e-02	 215.768	 682.317	 2157.68	 5371.17	 -23786.1	 111911
3.00000e-02	 224.741	 710.693	 2247.41	 6478.22	 -23711.9	 107265
3.00500e-02	 219.617	 694.491	 2196.17	 7227.18	 -22739.7	 98349.6
3.01000e-02	 201.054	 635.789	 2010.54	 7590.07	 -20915.9	 85490.7
3.01500e-02	 170.533	 539.272	 1705.33	 7559.64	 -18319.2	 69181.8
3.02000e-02	 130.246	 411.873	 1302.46	 7149.08	 -15056.9	 50066.5
3.02500e-02	 82.9402	 262.28	 829.402	 6390.58	 -11261.4	 28912.2
3.03000e-02	 31.7324	 100.347	 317.324	 5333.04	 -7085.64	 6579.86
3.03500e-02	 -20.097	 -63.5523	 -200.97	 4039	 -2696.71	 -16013.1
3.04000e-02	 -69.3137	 -219.189	 -693.137	 2580.96	 1730.11	 -37931.2
3.04500e-02	 -112.931	 -357.119	 -1129.31	 1037.36	 6018.39	 -58261.7
3.05000e-02	 -148.391	 -469.254	 -1483.91	 -511.628	 9997.51	 -76154.7
3.05500e-02	 -173.714	 -549.332	 -1737.14	 -1988.17	 13509.6	 -90860.1
3.06000e-02	 -187.605	 -593.259	 -1876.05	 -3320.65	 16416.2	 -101762
3.06500e-02	 -189.519	 -599.311	 -1895.19	 -4447.04	 18603.7	 -108405
3.07000e-02	 -179.672	 -568.173	 -1796.72	 -5317.67	 19988.5	 -110517
3.07500e-02	 -159.009	 -502.83	 -1590.09	 -5897.32	 20520.7	 -108021
3.08000e-02	 -129.12	 -408.314	 -1291.2	 -6166.46	 20186.2	 -101037
3.08500e-02	 -92.1278	 -291.334	 -921.278	 -6121.7	 19007.6	 -89880.4
3.09000e-02	 -50.5338	 -159.802	 -505.338	 -5775.38	 17043.1	 -75047.1
3.09500e-02	 -7.05442	 -22.308	 -70.5442	 -5154.47	 14384.7	 -57190.8
3.10000e-02	 35.5567	 112.44	 355.567	 -4298.71	 11153.5	 -37094.6
3.10500e-02	 74.6821	 236.165	 746.821	 -3258.19	 7495.01	 -15636.3
3.11000e-02	 108	 341.526	 1080	 -2090.54	 3572.74	 6251.3
3.11500e-02	 133.621	 422.547	 1336.21	 -857.817	 -439.304	 27621.5
3.12000e-02	 150.193	 474.951	 1501.93	 376.737	 -4364.18	 47556.6
3.12500e-02	 156.968	 496.376	 1569.68	 1551.85	 -8029.98	 65207.9
3.13000e-02	 153.833	 486.463	 1538.33	 2611.19	 -11277.6	 79834.1
3.13500e-02	 141.295	 446.815	 1412.95	 3506.02	 -13967.8	 90833.3
3.14000e-02	 120.431	 380.835	 1204.31	 4197.35	 -15987.8	 97769.1
3.14500e-02	 92.7998	 293.459	 927.998	 4657.54	 -17255.8	 100389
3.15000e-02	 60.3346	 190.795	 603.346	 4871.33	 -17725.2	 98635.4
3.15500e-02	 25.2051	 79.7053	 252.051	 4836.2	 -17386.1	 92643.6
3.16000e-02	 -10.3233	 -32.6451	 -103.233	 4562.08	 -16266	 82737
3.16500e-02	 -44.0345	 -139.249	 -440.345	 4070.47	 -14427.7	 69409.1
3.17000e-02	 -73.8987	 -233.688	 -738.987	 3393.01	 -11966.7	 53299.6
3.17500e-02	 -98.1931	 -310.514	 -981.931	 2569.57	 -9006.34	 35163.9
3.18000e-02	 -115.599	 -365.556	 -1155.99	 1646.06	 -5691.39	 15837.3
3.18500e-02	 -125.27	 -396.14	 -1252.7	 671.894	 -2181.51	 -3803.5
3.19000e-02	 -126.871	 -401.203	 -1268.71	 -302.561	 1356.68	 -22881.3
3.19500e-02	 -120.58	 -381.306	 -1205.8	 -1228.51	 4757.56	 -40558
3.20000e-02	 -107.057	 -338.545	 -1070.57	 -2061.16	 7864.32	 -56072.3
3.20500e-02	 -87.3935	 -276.363	 -873.935	 -2761.81	 10536.5	 -68773.2
3.21000e-02	 -63.0215	 -199.291	 -630.215	 -3299.61	 12656.2	 -78148.4
3.21500e-02	 -35.617	 -112.631	 -356.17	 -3652.9	 14134	 -83845.4
3.22000e-02	 -6.98572	 -22.0908	 -69.8572	 -3809.98	 14912.2	 -85684.7
3.22500e-02	 21.0544	 66.58	 210.544	 -3769.44	 14968	 -83665.6
3.23000e-02	 46.7869	 147.953	 467.869	 -3539.89	 14313.2	 -77962.9
3.23500e-02	 68.6998	 217.248	 686.998	 -3139.23	 12993.9	 -68915.6
3.24000e-02	 85.5733	 270.606	 855.733	 -2593.46	 11087.2	 -57008.5
3.24500e-02	 96.5445	 305.301	 965.445	 -1935.14	 8697.4	 -42846.8
3.25000e-02	 101.149	 319.861	 1011.49	 -1201.51	 5949.96	 -27126.1
3.25500e-02	 99.335	 314.125	 993.35	 -432.456	 2985.43	 -10597.9
3.26000e-02	 91.4513	 289.194	 914.513	 331.6	 -47.9575	 5965.73
3.26500e-02	 78.2112	 247.325	 782.112	 1051.78	 -3001.6	 21808.8
3.27000e-02	 60.6342	 191.742	 606.342	 1692.68	 -5733.9	 36226.1
3.27500e-02	 39.9717	 126.401	 399.717	 2224.12	 -8117.13	 48595
3.28000e-02	 17.6195	 55.7177	 176.195	 2622.5	 -10043.5	 58402.1
3.28500e-02	 -4.97376	 -15.7284	 -49.7376	 2871.84	 -11429.9	 65265.6
3.29000e-02	 -26.3993	 -83.4818	 -263.993	 2964.35	 -12222.1	 68949.3
3.29500e-02	 -45.3742	 -143.486	 -453.742	 2900.6	 -12395.9	 69370.5
3.30000e-02	 -60.8168	 -192.32	 -608.168	 2689.23	 -11958.9	 66600.2
3.30500e-02	 -71.9062	 -227.387	 -719.062	 2346.25	 -10948.2	 60856
3.31000e-02	 -78.1234	 -247.048	 -781.234	 1893.99	 -9428.86	 52488.4
3.31500e-02	 -79.272	 -250.68	 -792.72	 1359.73	 -7489.56	 41960.6
3.32000e-02	 -75.4781	 -238.683	 -754.781	 774.138	 -5237.67	 29824.2
3.32500e-02	 -67.1697	 -212.409	 -671.697	 169.541	 -2793.46	 16690.6
3.33000e-02	 -55.0384	 -174.047	 -550.384	 -421.799	 -283.739	 3200.88
3.33500e-02	 -39.9862	 -126.448	 -399.862	 -969.39	 2164.72	 -10005.5
3.34000e-02	 -23.0609	 -72.9248	 -230.609	 -1446.05	 4431.56	 -22320.9
3.34500e-02	 -5.3849	 -17.0285	 -53.849	 -1829.24	 6408.76	 -33197.2
3.35000e-02	 11.9171	 37.685	 119.171	 -2102.1	 8005.82	 -42170.1
3.35500e-02	 27.7884	 87.8746	 277.884	 -2254.16	 9153.86	 -48879.1
3.36000e-02	 41.3036	 130.613	 413.036	 -2281.7	 9808.61	 -53081.4
3.36500e-02	 51.7206	 163.555	 517.206	 -2187.7	 9951.96	 -54659.8
3.37000e-02	 58.5195	 185.055	 585.195	 -1981.5	 9592.22	 -53625.2
3.37500e-02	 61.426	 194.246	 614.26	 -1678.09	 8762.94	 -50111.6
3.38000e-02	 60.4185	 191.06	 604.185	 -1297.09	 7520.54	 -44366.4
3.38500e-02	 55.7192	 176.2	 557.192	 -861.609	 5940.77	 -36735
3.39000e-02	 47.7704	 151.063	 477.704	 -396.838	 4114.28	 -27641.3
3.39500e-02	 37.1979	 117.63	 371.979	 71.3334	 2141.58	 -17565
3.40000e-02	 24.7645	 78.312	 247.645	 517.745	 127.537	 -7016.68
3.40500e-02	 11.317	 35.7874	 113.17	 919.289	 -1824.09	 3487.29
3.41000e-02	 -2.26983	 -7.17784	 -22.6983	 1256.09	 -3615.97	 13450
3.41500e-02	 -15.1489	 -47.9051	 -151.489	 1512.46	 -5162.04	 22417.3
3.42000e-02	 -26.5525	 -83.9663	 -265.525	 1677.6	 -6391.58	 29997.7
3.42500e-02	 -35.8363	 -113.324	 -358.363	 1746.04	 -7252.41	 35879.6
3.43000e-02	 -42.5146	 -134.443	 -425.146	 1717.73	 -7713	 39843.7
3.43500e-02	 -46.2837	 -146.362	 -462.837	 1597.84	 -7763.49	 41769.6
3.44000e-02	 -47.0334	 -148.733	 -470.334	 1396.35	 -7415.46	 41639.2
3.44500e-02	 -44.8452	 -141.813	 -448.452	 1127.28	 -6700.7	 39533.5
3.45000e-02	 -39.9794	 -126.426	 -399.794	 807.819	 -5668.89	 35625
3.45500e-02	 -32.8514	 -103.885	 -328.514	 457.267	 -4384.41	 30166.7
3.46000e-02	 -23.9993	 -75.8924	 -239.993	 95.8995	 -2922.55	 23476.7
3.46500e-02	 -14.0449	 -44.4139	 -140.449	 -256.172	 -1365.16	 15920.3
3.47000e-02	 -3.65189	 -11.5483	 -36.5189	 -580.096	 203.753	 7890.96
3.47500e-02	 6.51753	 20.6102	 65.1753	 -859.273	 1702.56	 -210.08
3.48000e-02	 15.8435	 50.1015	 158.435	 -1080.18	 3056.18	 -7993.27
3.48500e-02	 23.7852	 75.2154	 237.852	 -1233.02	 4199.75	 -15099.3
3.49000e-02	 29.9113	 94.5877	 299.113	 -1312.08	 5081.7	 -21215.4
3.49500e-02	 33.9216	 107.269	 339.216	 -1315.97	 5666.02	 -26088.5
3.50000e-02	 35.6602	 112.768	 356.602	 -1247.45	 5933.54	 -29535.5
3.50500e-02	 35.1191	 111.056	 351.191	 -1113.21	 5882.38	 -31449.1
3.51000e-02	 32.4318	 102.558	 324.318	 -923.274	 5527.44	 -31800.2
3.51500e-02	 27.8591	 88.0983	 278.591	 -690.379	 4898.99	 -30636.3
3.52000e-02	 21.7672	 68.834	 217.672	 -429.134	 4040.5	 -28075.7
3.52500e-02	 14.6004	 46.1704	 146.004	 -155.144	 3005.92	 -24299.3
3.53000e-02	 6.84979	 21.6609	 68.4979	 115.896	 1856.37	 -19539
3.53500e-02	 -0.978822	 -3.0953	 -9.78822	 369.077	 656.719	 -14064.3
3.54000e-02	 -8.39744	 -26.555	 -83.9744	 591.077	 -528.058	 -8167.88
3.54500e-02	 -14.9652	 -47.3241	 -149.652	 770.847	 -1636.28	 -2150.1
3.55000e-02	 -20.3136	 -64.2373	 -203.136	 900.135	 -2612.72	 3695.81
3.55500e-02	 -24.1664	 -76.4209	 -241.664	 973.839	 -3411.29	 9097.7
3.56000e-02	 -26.3523	 -83.3333	 -263.523	 990.173	 -3997.14	 13816.9
3.56500e-02	 -26.8111	 -84.7841	 -268.111	 950.63	 -4348.08	 17658.3
3.57000e-02	 -25.5923	 -80.93	 -255.923	 859.77	 -4455.25	 20477.9
3.57500e-02	 -22.8474	 -72.2497	 -228.474	 724.845	 -4323.1	 22187.8
3.58000e-02	 -18.8153	 -59.499	 -188.153	 555.278	 -3968.57	 22757.5
3.58500e-02	 -13.804	 -43.6522	 -138.04	 362.048	 -3419.78	 22213.2
3.59000e-02	 -8.16847	 -25.831	 -81.6847	 157.008	 -2714	 20633.7
3.59500e-02	 -2.28578	 -7.22827	 -22.8578	 -47.8189	 -1895.34	 18144.3
3.60000e-02	 3.46864	 10.9688	 34.6864	 -240.926	 -1012.07	 14908.4
3.60500e-02	 8.74455	 27.6527	 87.4455	 -411.951	 -113.91	 11117.7
3.61000e-02	 13.2374	 41.8603	 132.374	 -552.216	 750.703	 6981.6
3.61500e-02	 16.7051	 52.8262	 167.051	 -655.149	 1537.18	 2716.28
3.62000e-02	 18.9804	 60.0212	 189.804	 -716.569	 2207.01	 -1466.47
3.62500e-02	 19.9774	 63.1742	 199.774	 -734.822	 2729.54	 -5369.15
3.63000e-02	 19.6937	 62.2769	 196.937	 -710.773	 3083.35	 -8817.6
3.63500e-02	 18.2061	 57.5728	 182.061	 -647.646	 3256.97	 -11668.3
3.64000e-02	 15.6627	 49.5297	 156.627	 -550.745	 3249.1	 -13813.9
3.64500e-02	 12.2699	 38.8007	 122.699	 -427.064	 3068.24	 -15186.6
3.65000e-02	 8.27725	 26.175	 82.7725	 -284.813	 2731.83	 -15759.5
3.65500e-02	 3.95993	 12.5224	 39.5993	 -132.901	 2264.88	 -15546
3.66000e-02	 -0.399757	 -1.26414	 -3.99757	 19.6014	 1698.35	 -14596.9
3.66500e-02	 -4.53002	 -14.3252	 -45.3002	 163.991	 1067.16	 -12995.9
3.67000e-02	 -8.18606	 -25.8866	 -81.8606	 292.409	 408.177	 -10854.2
3.67500e-02	 -11.1639	 -35.3034	 -111.639	 398.259	 -241.89	 -8303.45
3.68000e-02	 -13.3113	 -42.0941	 -133.113	 476.526	 -848.471	 -5488.08
3.68500e-02	 -14.5346	 -45.9623	 -145.346	 523.995	 -1380.91	 -2557.9
3.69000e-02	 -14.8016	 -46.8069	 -148.016	 539.36	 -1813.95	 339.703
3.69500e-02	 -14.1413	 -44.7188	 -141.413	 523.211	 -2128.87	 3066.73
3.70000e-02	 -12.6385	 -39.9664	 -126.385	 477.919	 -2314.2	 5500.82
3.70500e-02	 -10.4261	 -32.9703	 -104.261	 407.419	 -2366.03	 7540.41
3.71000e-02	 -7.67497	 -24.2704	 -76.7497	 316.917	 -2287.86	 9108.49
3.71500e-02	 -4.58089	 -14.4861	 -45.8089	 212.531	 -2090.08	 10155.1
3.72000e-02	 -1.35175	 -4.27459	 -13.5175	 100.898	 -1789.1	 10658.1
3.72500e-02	 1.80621	 5.71173	 18.0621	 -11.2309	 -1406.16	 10623.1
3.73000e-02	 4.70098	 14.8658	 47.0098	 -117.384	 -965.943	 10081.2
3.73500e-02	 7.16607	 22.6611	 71.6607	 -211.734	 -495.097	 9086.32
3.74000e-02	 9.06963	 28.6807	 90.6963	 -289.402	 -20.6621	 7711.34
3.74500e-02	 10.3209	 32.6375	 103.209	 -346.696	 431.418	 6043.33
3.75000e-02	 10.8739	 34.3862	 108.739	 -381.276	 837.662	 4178.64
3.75500e-02	 10.7281	 33.9253	 107.281	 -392.22	 1178.22	 2217.68
3.76000e-02	 9.9264	 31.39	 99.264	 -380.018	 1437.8	 259.805
3.76500e-02	 8.5501	 27.0378	 85.501	 -346.477	 1606.25	 -1601.41
3.77000e-02	 6.71226	 21.226	 67.1226	 -294.554	 1678.91	 -3282.37
3.77500e-02	 4.549	 14.3852	 45.49	 -228.134	 1656.61	 -4712.95
3.78000e-02	 2.21	 6.98864	 22.1	 -151.757	 1545.29	 -5839.05
3.78500e-02	 -0.151459	 -0.478957	 -1.5146	 -70.3285	 1355.5	 -6624.3
3.79000e-02	 -2.38818	 -7.5521	 -23.8818	 11.1861	 1101.57	 -7050.77
3.79500e-02	 -4.36788	 -13.8124	 -43.6788	 88.0528	 800.615	 -7118.74
3.80000e-02	 -5.98063	 -18.9124	 -59.8063	 156.033	 471.491	 -6845.61
3.80500e-02	 -7.14464	 -22.5933	 -71.4464	 211.609	 133.644	 -6264.05
3.81000e-02	 -7.80992	 -24.6971	 -78.0992	 252.153	 -193.975	 -5419.52
3.81500e-02	 -7.95979	 -25.1711	 -79.5979	 276.038	 -493.94	 -4367.33
3.82000e-02	 -7.61035	 -24.066	 -76.1035	 282.69	 -751.227	 -3169.39
3.82500e-02	 -6.80782	 -21.5282	 -68.0782	 272.564	 -953.927	 -1890.86
3.83000e-02	 -5.62419	 -17.7852	 -56.2419	 247.076	 -1093.75	 -596.863
3.83500e-02	 -4.15152	 -13.1282	 -41.5152	 208.468	 -1166.28	 650.65
3.84000e-02	 -2.49521	 -7.89053	 -24.9521	 159.64	 -1171.07	 1795.63
3.84500e-02	 -0.76682	 -2.4249	 -7.6682	 103.95	 -1111.39	 2790.23
3.85000e-02	 0.92314	 2.91922	 9.2314	 44.9905	 -993.924	 3596.6
3.85500e-02	 2.47203	 7.81726	 24.7203	 -13.6279	 -828.2	 4188
3.86000e-02	 3.79105	 11.9884	 37.9105	 -68.4932	 -625.902	 4549.44
3.86500e-02	 4.81004	 15.2107	 48.1004	 -116.581	 -400.125	 4677.63
3.87000e-02	 5.4809	 17.3321	 54.809	 -155.414	 -164.573	 4580.41
3.87500e-02	 5.77949	 18.2763	 57.7949	 -183.18	 67.2344	 4275.69
3.88000e-02	 5.70593	 18.0437	 57.0593	 -198.806	 282.703	 3789.97
3.88500e-02	 5.28338	 16.7075	 52.8338	 -201.986	 470.814	 3156.57
3.89000e-02	 4.55544	 14.4056	 45.5544	 -193.161	 622.656	 2413.68
3.89500e-02	 3.58245	 11.3287	 35.8245	 -173.457	 731.806	 1602.19
3.90000e-02	 2.4369	 7.70616	 24.369	 -144.58	 794.555	 763.708
3.90500e-02	 1.19833	 3.78944	 11.9833	 -108.696	 809.971	 -61.4646
3.91000e-02	 -0.0519671	 -0.164334	 -0.519671	 -68.27	 779.802	 -836.108
3.91500e-02	 -1.23603	 -3.90867	 -12.3603	 -25.9143	 708.232	 -1527.61
3.92000e-02	 -2.28393	 -7.22243	 -22.8393	 15.7786	 601.519	 -2109.15
3.92500e-02	 -3.13771	 -9.9223	 -31.3771	 54.3857	 467.531	 -2560.63
3.93000e-02	 -3.75432	 -11.8722	 -37.5432	 87.7892	 315.223	 -2869.09
3.93500e-02	 -4.10759	 -12.9893	 -41.0759	 114.286	 154.075	 -3028.92
3.94000e-02	 -4.18899	 -13.2467	 -41.8899	 132.667	 -6.46797	 -3041.59
3.94500e-02	 -4.00724	 -12.672	 -40.0724	 142.266	 -157.517	 -2915.2
3.95000e-02	 -3.58691	 -11.3428	 -35.8691	 142.968	 -291.211	 -2663.65
3.95500e-02	 -2.96613	 -9.37974	 -29.6613	 135.194	 -401.095	 -2305.66
3.96000e-02	 -2.1935	 -6.93645	 -21.935	 119.841	 -482.407	 -1863.62
3.96500e-02	 -1.32455	 -4.18858	 -13.2455	 98.2127	 -532.249	 -1362.36
3.97000e-02	 -0.417954	 -1.32169	 -4.17954	 71.9151	 -549.644	 -827.877
3.97500e-02	 0.468242	 1.48071	 4.68242	 42.7495	 -535.484	 -286.101
3.98000e-02	 1.28023	 4.04843	 12.8023	 12.5939	 -492.376	 238.255
3.98500e-02	 1.97153	 6.23451	 19.7153	 -16.7121	 -424.396	 722.723
3.99000e-02	 2.50551	 7.92311	 25.0551	 -43.4745	 -336.779	 1147.94
3.99500e-02	 2.85716	 9.03512	 28.5716	 -66.2388	 -235.558	 1498.3
4.00000e-02	 3.01403	 9.53119	 30.1403	 -83.8637	 -127.18	 1762.45
4.00500e-02	 2.97638	 9.41215	 29.7638	 -95.5729	 -18.1204	 1933.49
4.01000e-02	 2.75653	 8.7169	 27.5653	 -100.983	 85.4854	 2009.02
4.01500e-02	 2.37741	 7.51804	 23.7741	 -100.105	 178.165	 1991.02
4.02000e-02	 1.87069	 5.91565	 18.7069	 -93.3249	 255.378	 1885.42
4.02500e-02	 1.2743	 4.02969	 12.743	 -81.3591	 313.721	 1701.7
4.03000e-02	 0.629776	 1.99152	 6.29776	 -65.1958	 351.051	 1452.2
4.03500e-02	 -0.0204966	 -0.064816	 -0.204966	 -46.0216	 366.53	 1151.47
4.04000e-02	 -0.635954	 -2.01106	 -6.35954	 -25.1401	 360.601	 815.478
4.04500e-02	 -1.18028	 -3.73238	 -11.8028	 -3.88791	 334.883	 460.862
4.05000e-02	 -1.62345	 -5.13379	 -16.2345	 16.4471	 292.012	 104.174
4.05500e-02	 -1.94323	 -6.14504	 -19.4323	 34.6999	 235.432	 -238.836
4.06000e-02	 -2.12622	 -6.72368	 -21.2622	 49.892	 169.15	 -553.844
4.06500e-02	 -2.16815	 -6.85629	 -21.6815	 61.28	 97.479	 -828.494
4.07000e-02	 -2.07374	 -6.55774	 -20.7374	 68.3875	 24.7746	 -1052.82
4.07500e-02	 -1.85591	 -5.86889	 -18.5591	 71.0199	 -44.8152	 -1219.54
4.08000e-02	 -1.53454	 -4.85265	 -15.3454	 69.2611	 -107.571	 -1324.25
4.08500e-02	 -1.13493	 -3.58896	 -11.3493	 63.4534	 -160.387	 -1365.42
4.09000e-02	 -0.68588	 -2.16894	 -6.8588	 54.1636	 -200.909	 -1344.38
4.09500e-02	 -0.217779	 -0.688678	 -2.17779	 42.1368	 -227.624	 -1265.05
4.10000e-02	 0.239391	 0.75702	 2.39391	 28.2423	 -239.892	 -1133.7
4.10500e-02	 0.657885	 2.08041	 6.57885	 13.4149	 -237.928	 -958.533
4.11000e-02	 1.0138	 3.20592	 10.138	 -1.40518	 -222.743	 -749.281
4.11500e-02	 1.28836	 4.07414	 12.8836	 -15.3287	 -196.028	 -516.68
4.12000e-02	 1.4688	 4.64475	 14.688	 -27.5683	 -160.023	 -271.989
4.12500e-02	 1.54887	 4.89795	 15.4887	 -37.4806	 -117.354	 -26.4793
4.13000e-02	 1.52885	 4.83466	 15.2885	 -44.5969	 -70.8566	 209.048
4.13500e-02	 1.41523	 4.47536	 14.1523	 -48.6422	 -23.4036	 424.703
4.14000e-02	 1.21995	 3.85781	 12.1995	 -49.5412	 22.2607	 611.888
4.14500e-02	 0.959373	 3.0338	 9.59373	 -47.4122	 63.6695	 763.617
4.15000e-02	 0.653078	 2.06521	 6.53078	 -42.5494	 98.756	 874.744
4.15500e-02	 0.322437	 1.01963	 3.22437	 -35.396	 125.946	 942.107
4.16000e-02	 -0.0107867	 -0.0341105	 -0.107867	 -26.5087	 144.216	 964.59
4.16500e-02	 -0.325812	 -1.03031	 -3.25812	 -16.5186	 153.118	 943.082
4.17000e-02	 -0.604076	 -1.91026	 -6.04076	 -6.08893	 152.763	 880.363
4.17500e-02	 -0.830272	 -2.62555	 -8.30272	 4.12715	 143.785	 780.908
4.18000e-02	 -0.993125	 -3.14053	 -9.93125	 13.525	 127.267	 650.631
4.18500e-02	 -1.08588	 -3.43385	 -10.8588	 21.5826	 104.651	 496.565
4.19000e-02	 -1.10648	 -3.49901	 -11.0648	 27.8876	 77.6288	 326.52
4.19500e-02	 -1.05747	 -3.344	 -10.5747	 32.1564	 48.0348	 148.708
4.20000e-02	 -0.945541	 -2.99006	 -9.45541	 34.2439	 17.7264	 -28.6297
4.20500e-02	 -0.780964	 -2.46962	 -7.80964	 34.1454	 -11.5221	 -197.588
4.21000e-02	 -0.576718	 -1.82374	 -5.76718	 31.9882	 -38.1162	 -350.933
4.21500e-02	 -0.347559	 -1.09908	 -3.47559	 28.0177	 -60.7204	 -482.401
4.22000e-02	 -0.109008	 -0.344714	 -1.09008	 22.5752	 -78.318	 -586.935
4.22500e-02	 0.123653	 0.391025	 1.23653	 16.0725	 -90.2481	 -660.875
4.23000e-02	 0.336316	 1.06352	 3.36316	 8.9627	 -96.2197	 -702.066
4.23500e-02	 0.51686	 1.63445	 5.1686	 1.71072	 -96.3031	 -709.903
4.24000e-02	 0.655797	 2.07381	 6.55797	 -5.23584	 -90.902	 -685.308
4.24500e-02	 0.746724	 2.36135	 7.46724	 -11.4728	 -80.7069	 -630.628
4.25000e-02	 0.786554	 2.4873	 7.86554	 -16.6614	 -66.6362	 -549.487
4.25500e-02	 0.775533	 2.45245	 7.75533	 -20.5457	 -49.7671	 -446.574
4.26000e-02	 0.717046	 2.2675	 7.17046	 -22.963	 -31.2629	 -327.398
4.26500e-02	 0.617244	 1.9519	 6.17244	 -23.849	 -12.2997	 -198.005
4.27000e-02	 0.484511	 1.53216	 4.84511	 -23.2359	 6.00278	 -64.6881
4.27500e-02	 0.328829	 1.03985	 3.28829	 -21.2455	 22.6416	 66.3088
4.28000e-02	 0.161069	 0.509346	 1.61069	 -18.0765	 36.781	 189.075
4.28500e-02	 -0.00772336	 -0.0244234	 -0.0772336	 -13.9882	 47.7885	 298.292
4.29000e-02	 -0.167026	 -0.528183	 -1.67026	 -9.28114	 55.258	 389.458
4.29500e-02	 -0.307464	 -0.972285	 -3.07464	 -4.27689	 59.0169	 459.064
4.30000e-02	 -0.42133	 -1.33236	 -4.2133	 0.703112	 59.1194	 504.726
4.30500e-02	 -0.502978	 -1.59056	 -5.02978	 5.35695	 55.8278	 525.249
4.31000e-02	 -0.549063	 -1.73629	 -5.49063	 9.41957	 49.5818	 520.65
4.31500e-02	 -0.558629	 -1.76654	 -5.58629	 12.6769	 40.9603	 492.106
4.32000e-02	 -0.533038	 -1.68561	 -5.33038	 14.9759	 30.6376	 441.864
4.32500e-02	 -0.475767	 -1.50451	 -4.75767	 16.2308	 19.3373	 373.096
4.33000e-02	 -0.392077	 -1.23985	 -3.92077	 16.4242	 7.78616	 289.719
4.33500e-02	 -0.288588	 -0.912596	 -2.88588	 15.6044	 -3.32832	 196.187
4.34000e-02	 -0.1728	 -0.546443	 -1.728	 13.8787	 -13.3955	 97.259
4.34500e-02	 -0.0525744	 -0.166255	 -0.525744	 11.4037	 -21.9117	 -2.23089
4.35000e-02	 0.0643761	 0.203575	 0.643761	 8.37283	 -28.5018	 -97.6054
4.35500e-02	 0.170957	 0.540613	 1.70957	 5.00246	 -32.9316	 -184.558
4.36000e-02	 0.261104	 0.825683	 2.61104	 1.51742	 -35.1113	 -259.343
4.36500e-02	 0.330105	 1.04388	 3.30105	 -1.86322	 -35.0899	 -318.931
4.37000e-02	 0.374822	 1.18529	 3.74822	 -4.93913	 -33.0419	 -361.124
4.37500e-02	 0.393801	 1.24531	 3.93801	 -7.53995	 -29.2474	 -384.632
4.38000e-02	 0.387274	 1.22467	 3.87274	 -9.53395	 -24.0678	 -389.099
4.38500e-02	 0.357051	 1.12909	 3.57051	 -10.8339	 -17.9176	 -375.081
4.39000e-02	 0.30632	 0.968668	 3.0632	 -11.3998	 -11.2366	 -343.991
4.39500e-02	 0.239376	 0.756973	 2.39376	 -11.2387	 -4.4611	 -297.995
4.40000e-02	 0.161289	 0.510039	 1.61289	 -10.4015	 2.00152	 -239.879
4.40500e-02	 0.0775439	 0.245215	 0.775439	 -8.97767	 7.79488	 -172.897
4.41000e-02	 -0.00632283	 -0.0199945	 -0.0632283	 -7.08699	 12.631	 -100.594
4.41500e-02	 -0.0850759	 -0.269034	 -0.850759	 -4.87106	 16.3023	 -26.6227
4.42000e-02	 -0.154091	 -0.487279	 -1.54091	 -2.48318	 18.6875	 45.4289
4.42500e-02	 -0.209611	 -0.662849	 -2.09611	 -0.0783994	 19.7526	 112.212
4.43000e-02	 -0.248934	 -0.7872	 -2.48934	 2.19607	 19.5455	 170.768
4.43500e-02	 -0.270523	 -0.855469	 -2.70523	 4.20932	 18.1872	 218.649
4.44000e-02	 -0.274037	 -0.866582	 -2.74037	 5.85384	 15.8583	 254.025
4.44500e-02	 -0.260287	 -0.8231	 -2.60287	 7.05065	 12.7837	 275.736
4.45000e-02	 -0.231119	 -0.730861	 -2.31119	 7.75252	 9.21464	 283.329
4.45500e-02	 -0.189238	 -0.598423	 -1.89238	 7.94498	 5.4122	 277.044
4.46000e-02	 -0.137994	 -0.436376	 -1.37994	 7.64534	 1.62986	 257.78
4.46500e-02	 -0.0811311	 -0.256559	 -0.811311	 6.89977	 -1.90121	 227.02
4.47000e-02	 -0.0225292	 -0.0712436	 -0.225292	 5.77884	 -4.98463	 186.737
4.47500e-02	 0.0340449	 0.107659	 0.340449	 4.37182	 -7.46818	 139.279
4.48000e-02	 0.0851701	 0.269331	 0.851701	 2.78018	 -9.24967	 87.2368
4.48500e-02	 0.127966	 0.404663	 1.27966	 1.11072	 -10.2793	 33.3113
4.49000e-02	 0.160241	 0.506727	 1.60241	 -0.531226	 -10.5586	 -19.8225
4.49500e-02	 0.180595	 0.571092	 1.80595	 -2.0481	 -10.1362	 -69.644
4.50000e-02	 0.188457	 0.595953	 1.88457	 -3.35554	 -9.10092	 -113.902
4.50500e-02	 0.184075	 0.582095	 1.84075	 -4.38678	 -7.5733	 -150.713
4.51000e-02	 0.16845	 0.532687	 1.6845	 -5.0956	 -5.6951	 -178.635
4.51500e-02	 0.143235	 0.452948	 1.43235	 -5.45794	 -3.61888	 -196.718
4.52000e-02	 0.110583	 0.349694	 1.10583	 -5.4721	 -1.49734	 -204.531
4.52500e-02	 0.0729897	 0.230814	 0.729897	 -5.15742	 0.526366	 -202.157
4.53000e-02	 0.0331115	 0.104708	 0.331115	 -4.55199	 2.32706	 -190.167
4.53500e-02	 -0.00641046	 -0.0202717	 -0.0641046	 -3.70914	 3.80417	 -169.573
4.54000e-02	 -0.0431168	 -0.136347	 -0.431168	 -2.69336	 4.88631	 -141.756
4.54500e-02	 -0.0748736	 -0.236771	 -0.748736	 -1.57576	 5.53364	 -108.384
4.55000e-02	 -0.0999885	 -0.316191	 -0.999885	 -0.429346	 5.73806	 -71.318
4.55500e-02	 -0.117291	 -0.370905	 -1.17291	 0.675455	 5.52131	 -32.5144
4.56000e-02	 -0.126173	 -0.398994	 -1.26173	 1.67491	 4.93139	 6.07654
4.56500e-02	 -0.126597	 -0.400336	 -1.26597	 2.51541	 4.03743	 42.6034
4.57000e-02	 -0.119062	 -0.376505	 -1.19062	 3.15607	 2.92364	 75.3991
4.57500e-02	 -0.104535	 -0.330568	 -1.04535	 3.57044	 1.68273	 103.054
4.58000e-02	 -0.0843687	 -0.266797	 -0.843687	 3.74723	 0.4092	 124.47
4.58500e-02	 -0.060187	 -0.190328	 -0.60187	 3.69003	 -0.807016	 138.903
4.59000e-02	 -0.0337662	 -0.106778	 -0.337662	 3.41624	 -1.88612	 145.979
4.59500e-02	 -0.00691341	 -0.0218621	 -0.0691341	 2.95516	 -2.76306	 145.697
4.60000e-02	 0.0186501	 0.0589767	 0.186501	 2.34549	 -3.39076	 138.412
4.60500e-02	 0.0413931	 0.130896	 0.413931	 1.63248	 -3.7421	 124.798
4.61000e-02	 0.0600597	 0.189925	 0.600597	 0.864779	 -3.81036	 105.805
4.61500e-02	 0.0737319	 0.233161	 0.737319	 0.091331	 -3.60837	 82.5951
4.62000e-02	 0.0818667	 0.258885	 0.818667	 -0.64157	 -3.1664	 56.4805
4.62500e-02	 0.0843066	 0.266601	 0.843066	 -1.29289	 -2.52908	 28.8504
4.63000e-02	 0.0812654	 0.256984	 0.812654	 -1.82899	 -1.75157	 1.10071
4.63500e-02	 0.0732909	 0.231766	 0.732909	 -2.22514	 -0.895263	 -25.4332
4.64000e-02	 0.0612087	 0.193559	 0.612087	 -2.4665	 -0.0234065	 -49.5383
4.64500e-02	 0.0460516	 0.145628	 0.460516	 -2.54833	 0.803219	 -70.1769
4.65000e-02	 0.0289808	 0.0916454	 0.289808	 -2.47568	 1.53014	 -86.5274
4.65500e-02	 0.0112033	 0.035428	 0.112033	 -2.26244	 2.11241	 -98.0141
4.66000e-02	 -0.00610781	 -0.0193146	 -0.0610781	 -1.93	 2.51704	 -104.323
4.66500e-02	 -0.021886	 -0.0692096	 -0.21886	 -1.50544	 2.72451	 -105.403
4.67000e-02	 -0.0352324	 -0.111415	 -0.352324	 -1.01963	 2.7293	 -101.456
4.67500e-02	 -0.0454622	 -0.143764	 -0.454622	 -0.505105	 2.53955	 -92.9182
4.68000e-02	 -0.0521343	 -0.164863	 -0.521343	 0.0059668	 2.17577	 -80.4206
4.68500e-02	 -0.0550634	 -0.174126	 -0.550634	 0.483661	 1.66893	 -64.7548
4.69000e-02	 -0.0543151	 -0.171759	 -0.543151	 0.901937	 1.05789	 -46.8251
4.69500e-02	 -0.0501848	 -0.158698	 -0.501848	 1.23993	 0.386508	 -27.5994
4.70000e-02	 -0.0431638	 -0.136496	 -0.431638	 1.48287	 -0.299386	 -8.05985
4.70500e-02	 -0.0338946	 -0.107184	 -0.338946	 1.62254	 -0.955063	 10.8448
4.71000e-02	 -0.0231195	 -0.0731104	 -0.231195	 1.65736	 -1.53967	 28.2432
4.71500e-02	 -0.0116487	 -0.0368364	 -0.116487	 1.59169	 -2.01901	 43.3789
4.72000e-02	 -0.000300895	 -0.000951512	 -0.00300895	 1.43519	 -2.36745	 55.6406
4.72500e-02	 0.0101846	 0.0322066	 0.101846	 1.20237	 -2.56871	 64.5843
4.73000e-02	 0.0192099	 0.0607471	 0.192099	 0.911763	 -2.61624	 69.9462
4.73500e-02	 0.0263602	 0.0833583	 0.263602	 0.584789	 -2.51283	 71.6465
4.74000e-02	 0.0314222	 0.0993656	 0.314222	 0.244534	 -2.2697	 69.7839
4.74500e-02	 0.0343782	 0.108713	 0.343782	 -0.0856033	 -1.90505	 64.6226
4.75000e-02	 0.0353796	 0.11188	 0.353796	 -0.383298	 -1.44215	 56.5719
4.75500e-02	 0.0347021	 0.109738	 0.347021	 -0.628652	 -0.907385	 46.1596
4.76000e-02	 0.0326922	 0.103382	 0.326922	 -0.80545	 -0.328124	 34.0024
4.76500e-02	 0.0297103	 0.0939522	 0.297103	 -0.902235	 0.269154	 20.7724
4.77000e-02	 0.0260785	 0.0824675	 0.260785	 -0.913145	 0.860482	 7.16385
4.77500e-02	 0.0220404	 0.0696977	 0.220404	 -0.838432	 1.42559	 -6.1406
4.78000e-02	 0.0177362	 0.0560867	 0.177362	 -0.684621	 1.94857	 -18.5003
4.78500e-02	 0.0131981	 0.041736	 0.131981	 -0.464277	 2.41805	 -29.3446
4.79000e-02	 0.00836382	 0.0264487	 0.0836382	 -0.195353	 2.82681	 -38.1956
4.79500e-02	 0.00310782	 0.00982778	 0.0310782	 0.0998513	 3.17096	 -44.6862
4.80000e-02	 -0.00271494	 -0.0085854	 -0.0271494	 0.396086	 3.44884	 -48.5721
4.80500e-02	 -0.0092185	 -0.0291514	 -0.092185	 0.666839	 3.65966	 -49.7383
4.81000e-02	 -0.0164357	 -0.0519741	 -0.164357	 0.886204	 3.80217	 -48.1991
4.81500e-02	 -0.0242751	 -0.0767645	 -0.242751	 1.03083	 3.87348	 -44.093
4.82000e-02	 -0.0324922	 -0.102749	 -0.324922	 1.08179	 3.86813	 -37.6725
4.82500e-02	 -0.0406788	 -0.128638	 -0.406788	 1.02629	 3.77767	 -29.2894
4.83000e-02	 -0.0482747	 -0.152658	 -0.482747	 0.858999	 3.59075	 -19.3765
4.83500e-02	 -0.0546014	 -0.172665	 -0.546014	 0.582949	 3.29376	 -8.42712
4.84000e-02	 -0.0589163	 -0.18631	 -0.589163	 0.209881	 2.87207	 3.02749
4.84500e-02	 -0.0604833	 -0.191265	 -0.604833	 -0.240026	 2.31177	 14.4414
4.85000e-02	 -0.0586531	 -0.185477	 -0.586531	 -0.739057	 1.60177	 25.2768
4.85500e-02	 -0.0529444	 -0.167425	 -0.529444	 -1.25347	 0.736134	 35.026
4.86000e-02	 -0.04312	 -0.136357	 -0.4312	 -1.74557	 -0.283605	 43.2319
4.86500e-02	 -0.0292465	 -0.0924855	 -0.292465	 -2.17614	 -1.44637	 49.5052
4.87000e-02	 -0.0117319	 -0.0370994	 -0.117319	 -2.50725	 -2.72989	 53.5395
4.87500e-02	 0.00866506	 0.0274013	 0.0866506	 -2.70506	 -4.09975	 55.1226
4.88000e-02	 0.0308568	 0.0975777	 0.308568	 -2.74254	 -5.50927	 54.1443
4.88500e-02	 0.0534815	 0.169123	 0.534815	 -2.60189	 -6.90036	 50.5999
4.89000e-02	 0.0749865	 0.237128	 0.749865	 -2.27644	 -8.2054	 44.5909
4.89500e-02	 0.0937371	 0.296423	 0.937371	 -1.77189	 -9.35017	 36.3207
4.90000e-02	 0.10814	 0.341969	 1.0814	 -1.1067	 -10.2576	 26.0869
4.90500e-02	 0.116776	 0.369278	 1.16776	 -0.311675	 -10.8523	 14.2714
4.91000e-02	 0.118525	 0.37481	 1.18525	 0.571385	 -11.0658	 1.32521
4.91500e-02	 0.112682	 0.356333	 1.12682	 1.49188	 -10.8412	 -12.2469
4.92000e-02	 0.0990392	 0.313189	 0.990392	 2.39331	 -10.1387	 -25.9058
4.92500e-02	 0.0779408	 0.24647	 0.779408	 3.21678	 -8.93991	 -39.0979
4.93000e-02	 0.0502959	 0.15905	 0.502959	 3.90479	 -7.25109	 -51.2759
4.93500e-02	 0.0175468	 0.0554878	 0.175468	 4.40523	 -5.10581	 -61.9205
4.94000e-02	 -0.0184055	 -0.0582034	 -0.184055	 4.67509	 -2.56557	 -70.5611
4.94500e-02	 -0.0553143	 -0.174919	 -0.553143	 4.6838	 0.281019	 -76.7947
4.95000e-02	 -0.0907333	 -0.286924	 -0.907333	 4.41592	 3.32087	 -80.304
4.95500e-02	 -0.122184	 -0.386381	 -1.22184	 3.87284	 6.42078	 -80.872
4.96000e-02	 -0.147337	 -0.465919	 -1.47337	 3.07353	 9.4334	 -78.393
4.96500e-02	 -0.164181	 -0.519186	 -1.64181	 2.05408	 12.2044	 -72.8805
4.97000e-02	 -0.171191	 -0.541354	 -1.71191	 0.866121	 14.5809	 -64.4702
4.97500e-02	 -0.167451	 -0.529527	 -1.67451	 -0.425839	 16.42	 -53.4181
4.98000e-02	 -0.152749	 -0.483034	 -1.52749	 -1.74805	 17.5973	 -40.094
4.98500e-02	 -0.127615	 -0.403555	 -1.27615	 -3.02188	 18.0158	 -24.97
4.99000e-02	 -0.0933175	 -0.295096	 -0.933175	 -4.16865	 17.6122	 -8.60464
4.99500e-02	 -0.0517944	 -0.163788	 -0.517944	 -5.11466	 16.3631	 8.37749
5.00000e-02	 -0.00554335	 -0.0175296	 -0.0554335	 -5.79599	 14.2882	 25.3096
