Frequency (Hz)	100	90	80	70	60	50	40	30
0.00000e+00	 0	 -180	 0	 0	 0	 -180	 -180	 -180
1.95312e+01	 19.3001	 -175.903	 0	 336.138	 127.017	 -84.0075	 -84.0075	 -84.0075
3.90625e+01	 62.7395	 -140.94	 0	 746.807	 214.719	 57.9067	 57.9067	 57.9067
5.85938e+01	 89.4059	 -117.627	 0	 1138	 273.119	 163.03	 163.03	 163.03
7.81250e+01	 101.982	 -104.07	 0	 1462.93	 427.993	 203.049	 203.049	 203.049
9.76562e+01	 126.716	 -65.8833	 0	 1825.82	 491.897	 129.607	 129.607	 129.607
1.17188e+02	 155.472	 -10.6822	 0	 2229	 517.548	 142.197	 142.197	 142.197
1.36719e+02	 162.779	 16.845	 0	 2604.92	 489.794	 142.691	 142.691	 142.691
1.56250e+02	 168.198	 33.1095	 0	 2947.44	 463.779	 107.751	 107.751	 107.751
1.75781e+02	 190.264	 59.3237	 0	 3312.66	 471.659	 100.391	 100.391	 100.391
1.95312e+02	 207.095	 76.8134	 0	 3690.37	 464.093	 102.657	 102.657	 102.657
2.14844e+02	 214.24	 84.4405	 0	 4051.72	 434.98	 80.3463	 80.3463	 80.3463
2.34375e+02	 232.08	 102.914	 0	 4409.03	 432.048	 69.6323	 69.6323	 69.6323
2.53906e+02	 252.865	 122.865	 0	 4779.67	 432.563	 74.0077	 74.0077	 74.0077
2.73438e+02	 262.064	 129.734	 0	 5149.37	 412.936	 57.4671	 57.4671	 57.4671
2.92969e+02	 269.602	 135.489	 0	 5511.64	 400.721	 36.7625	 36.7625	 36.7625
3.12500e+02	 278.513	 144.032	 0	 5867.72	 392.418	 28.5283	 28.5283	 28.5283
3.32031e+02	 283.269	 149.001	 0	 6243.08	 367.795	 10.0055	 10.0055	 10.0055
3.51562e+02	 284.155	 150.487	 0	 6651.58	 342.928	 -16.7135	 -16.7135	 -16.7135
3.71094e+02	 284.665	 152.59	 0	 7052.81	 324.976	 -34.5012	 -34.5012	 -34.5012
3.90625e+02	 284.838	 155.015	 0	 7419.12	 301.449	 -55.7037	 -55.7037	 -55.7037
4.10156e+02	 282.511	 154.321	 0	 7772.27	 276.923	 -84.0956	 -84.0956	 -84.0956
4.29688e+02	 277.677	 149.877	 0	 8126.18	 254.533	 -108.57	 -108.57	 -108.57
4.49219e+02	 271.811	 143.74	 0	 8479.59	 225.613	 -134.723	 -134.723	 -134.723
4.68750e+02	 265.378	 136.936	 0	 8829.64	 193.244	 -165.623	 -165.623	 -165.623
4.88281e+02	 258.004	 129.162	 0	 9178.2	 165.004	 -194.111	 -194.111	 -194.111
5.07812e+02	 250.375	 121.612	 0	 9529.19	 136.253	 -222.424	 -222.424	 -222.424
5.27344e+02	 244.121	 116.652	 0	 9883.87	 107.18	 -252.965	 -252.965	 -252.965
5.46875e+02	 240.226	 115.099	 0	 10243	 81.6015	 -280.4	 -280.4	 -280.4
5.66406e+02	 238.55	 115.92	 0	 10612.6	 55.5809	 -305.561	 -305.561	 -305.561
5.85938e+02	 238.979	 118.321	 0	 11008.6	 26.9088	 -332.231	 -332.231	 -332.231
6.05469e+02	 242.208	 122.727	 0	 11406.6	 0.57256	 -358.116	 -358.116	 -358.116
6.25000e+02	 249.199	 130.071	 0	 11780.3	 -22.8206	 -382.022	 -382.022	 -382.022
6.44531e+02	 259.849	 141.347	 0	 12143.5	 -46.1787	 -406.39	 -406.39	 -406.39
6.64062e+02	 272.144	 158.84	 0	 12502.3	 -69.7581	 -430.984	 -430.984	 -430.984
6.83594e+02	 283.381	 186.928	 0	 12859.6	 -92.7176	 -453.736	 -453.736	 -453.736
7.03125e+02	 292.603	 222.757	 0	 13217.5	 -113.996	 -473.743	 -473.743	 -473.743
7.22656e+02	 302.398	 252.797	 0	 13579	 -128.725	 -487.66	 -487.66	 -487.66
7.42188e+02	 330.666	 291.429	 0	 13961.1	 -117.135	 -476.375	 -476.375	 -476.375
7.61719e+02	 422.556	 387.152	 0	 14407.2	 -34.3672	 -394.373	 -394.373	 -394.373
7.81250e+02	 443.36	 406.262	 0	 14780.4	 -16.5348	 -377.123	 -377.123	 -377.123
8.00781e+02	 446.738	 401.842	 0	 15133.1	 -10.8899	 -371.634	 -371.634	 -371.634
8.20312e+02	 445.82	 388.591	 0	 15483	 -3.26263	 -363.699	 -363.699	 -363.699
8.39844e+02	 437.812	 374.319	 0	 15840.1	 8.18227	 -351.583	 -351.583	 -351.583
8.59375e+02	 414.776	 364.783	 0	 16203.9	 19.9748	 -339.132	 -339.132	 -339.132
8.78906e+02	 390.026	 360.004	 0	 16568.2	 28.2544	 -330.91	 -330.91	 -330.91
8.98438e+02	 372.571	 358.528	 0	 16932.1	 34.7734	 -325.38	 -325.38	 -325.38
9.17969e+02	 361.414	 356.618	 0	 17297.6	 40.618	 -320.412	 -320.412	 -320.412
9.37500e+02	 355.436	 351.67	 0	 17662.7	 40.9464	 -319.843	 -319.843	 -319.843
9.57031e+02	 349.354	 348.095	 0	 18025.2	 36.1134	 -323.869	 -323.869	 -323.869
9.76562e+02	 343.404	 346.971	 0	 18388.1	 34.1316	 -325.337	 -325.337	 -325.337
9.96094e+02	 340.677	 342.821	 0	 18752.7	 32.0575	 -326.749	 -326.749	 -326.749
1.01562e+03	 337.324	 337.936	 0	 19114.6	 23.2589	 -336.086	 -336.086	 -336.086
1.03516e+03	 331.795	 338.071	 0	 19472.7	 18.1834	 -343.159	 -343.159	 -343.159
1.05469e+03	 329.812	 337.977	 0	 19832	 18.5381	 -342.776	 -342.776	 -342.776
1.07422e+03	 328.966	 332.251	 0	 20191.1	 6.92068	 -352.316	 -352.316	 -352.316
1.09375e+03	 323.516	 330.724	 0	 20538.7	 -5.12044	 -364.917	 -364.917	 -364.917
1.11328e+03	 320.768	 334.707	 0	 20878.5	 -1.98442	 -362.019	 -362.019	 -362.019
1.13281e+03	 323.158	 330.802	 0	 21233.7	 -7.12639	 -365.557	 -365.557	 -365.557
1.15234e+03	 318.438	 325.743	 0	 21574.9	 -21.9262	 -382.528	 -382.528	 -382.528
1.17188e+03	 313.822	 332.474	 0	 21919.3	 -16.7997	 -378.743	 -378.743	 -378.743
1.19141e+03	 322.012	 337.049	 0	 22294.5	 -11.065	 -370.138	 -370.138	 -370.138
1.21094e+03	 319.534	 328.001	 0	 22651.6	 -30.5593	 -389.723	 -389.723	 -389.723
1.23047e+03	 313.217	 335.61	 0	 23000.1	 -25.6762	 -386.997	 -386.997	 -386.997
1.25000e+03	 333.594	 358.357	 0	 23390.6	 0.749338	 -358.247	 -358.247	 -358.247
1.26953e+03	 333.189	 342.195	 0	 23756.1	 -22.5128	 -381.421	 -381.421	 -381.421
1.28906e+03	 326.665	 349.439	 0	 24100.6	 -18.8206	 -381.262	 -381.262	 -381.262
1.30859e+03	 360.548	 395.386	 0	 24500.3	 30.6205	 -329.958	 -329.958	 -329.958
1.32812e+03	 354.504	 361.647	 0	 24863.7	 -7.61812	 -364.586	 -364.586	 -364.586
1.34766e+03	 345.802	 363.55	 0	 25197.6	 -10.4753	 -372.595	 -372.595	 -372.595
1.36719e+03	 377.461	 420.783	 0	 25585.4	 47.9001	 -313.486	 -313.486	 -313.486
1.38672e+03	 366.867	 369.138	 0	 25948.5	 -0.139343	 -355.238	 -355.238	 -355.238
1.40625e+03	 353.204	 359.209	 0	 26269.4	 -16.0591	 -378.787	 -378.787	 -378.787
1.42578e+03	 380.947	 427.222	 0	 26649.7	 49.542	 -313.652	 -313.652	 -313.652
1.44531e+03	 371.514	 364.445	 0	 27021.8	 2.69676	 -348.751	 -348.751	 -348.751
1.46484e+03	 354.107	 341.96	 0	 27346.1	 -30.6859	 -393.065	 -393.065	 -393.065
1.48438e+03	 378.105	 419.713	 0	 27715.9	 40.7518	 -323.074	 -323.074	 -323.074
1.50391e+03	 373.863	 348.395	 0	 28100.9	 13.5653	 -334.759	 -334.759	 -334.759
1.52344e+03	 354.106	 319.907	 0	 28438.5	 -45.7018	 -408.361	 -408.361	 -408.361
1.54297e+03	 368.566	 398.054	 0	 28777.4	 23.2487	 -341.547	 -341.547	 -341.547
1.56250e+03	 376.83	 307.527	 0	 29184.2	 44.8187	 -308.633	 -308.633	 -308.633
1.58203e+03	 355.054	 301.096	 0	 29534.3	 -59.51	 -421.96	 -421.96	 -421.96
1.60156e+03	 339.2	 352.531	 0	 29810.6	 -17.3031	 -382.327	 -382.327	 -382.327
1.62109e+03	 381.849	 524.208	 0	 30267.9	 84.7367	 -279.777	 -279.777	 -279.777
1.64062e+03	 357.288	 650.911	 0	 30624.1	 -70.2784	 -433.241	 -433.241	 -433.241
1.66016e+03	 298.784	 655.877	 0	 30821	 -72.1171	 -437.559	 -437.559	 -437.559
1.67969e+03	 388.723	 864.026	 0	 31352.8	 112.904	 -256.187	 -256.187	 -256.187
1.69922e+03	 360.612	 1006.36	 0	 31708.1	 280.35	 -83.2718	 -83.2718	 -83.2718
1.71875e+03	 295.182	 995.158	 0	 31866.4	 265.666	 -99.8062	 -99.8062	 -99.8062
1.73828e+03	 35.0364	 873.19	 0	 31720.4	 130.91	 -238.316	 -238.316	 -238.316
1.75781e+03	 4.43345	 1000.77	 0	 31712.6	 270.693	 -95.1592	 -95.1592	 -95.1592
1.77734e+03	 -49.6464	 992.049	 0	 31843.2	 261.121	 -104.537	 -104.537	 -104.537
1.79688e+03	 -321.886	 882.482	 0	 31726.9	 142.125	 -226.805	 -226.805	 -226.805
1.81641e+03	 -352.83	 989.6	 0	 31718	 256.259	 -113.177	 -113.177	 -113.177
1.83594e+03	 -391.918	 992.813	 0	 31786.1	 261.668	 -104.013	 -104.013	 -104.013
1.85547e+03	 -681.057	 887.987	 0	 31729.5	 149.132	 -219.184	 -219.184	 -219.184
1.87500e+03	 -712.473	 974.459	 0	 31720.1	 236.61	 -137.033	 -137.033	 -137.033
1.89453e+03	 -740.712	 990.441	 0	 31756.4	 259.55	 -106.319	 -106.319	 -106.319
1.91406e+03	 -1036.92	 896.894	 0	 31733.5	 159.814	 -208.079	 -208.079	 -208.079
1.93359e+03	 -1073.02	 958.253	 0	 31719.1	 216.19	 -158.813	 -158.813	 -158.813
1.95312e+03	 -1096.25	 983.988	 0	 31744	 253.116	 -112.903	 -112.903	 -112.903
1.97266e+03	 -1027.83	 913.322	 0	 31744.4	 177.71	 -189.75	 -189.75	 -189.75
1.99219e+03	 -1071.48	 945.694	 0	 31718.9	 202.068	 -171.988	 -171.988	 -171.988
2.01172e+03	 -1093.53	 977.318	 0	 31734	 246.187	 -120.161	 -120.161	 -120.161
2.03125e+03	 -1027.56	 926.54	 0	 31752.6	 192.269	 -174.903	 -174.903	 -174.903
2.05078e+03	 -1067.95	 937.132	 0	 31721.6	 194.607	 -177.764	 -177.764	 -177.764
2.07031e+03	 -1089.75	 972.49	 0	 31728.2	 240.547	 -126.124	 -126.124	 -126.124
2.08984e+03	 -1042.02	 934.732	 0	 31753.5	 201.139	 -165.76	 -165.76	 -165.76
2.10938e+03	 -1064.69	 930.95	 0	 31724.6	 190.693	 -180.228	 -180.228	 -180.228
2.12891e+03	 -1085.7	 967.817	 0	 31727	 235.249	 -131.843	 -131.843	 -131.843
2.14844e+03	 -1062.79	 940.925	 0	 31749.7	 207.732	 -158.989	 -158.989	 -158.989
2.16797e+03	 -1062.32	 927.13	 0	 31725.6	 188.749	 -181.028	 -181.028	 -181.028
2.18750e+03	 -1082.14	 962.59	 0	 31726.3	 229.566	 -137.851	 -137.851	 -137.851
2.20703e+03	 -1075.9	 945.663	 0	 31746.7	 212.767	 -153.781	 -153.781	 -153.781
2.22656e+03	 -1060.82	 925.374	 0	 31726.1	 188.374	 -180.529	 -180.529	 -180.529
2.24609e+03	 -1079.35	 956.868	 0	 31724.2	 223.628	 -144.083	 -144.083	 -144.083
2.26562e+03	 -1081.02	 948.512	 0	 31743.1	 215.979	 -150.471	 -150.471	 -150.471
2.28516e+03	 -1060.05	 925.449	 0	 31727.7	 189.469	 -178.762	 -178.762	 -178.762
2.30469e+03	 -1077.04	 951.376	 0	 31723.1	 217.934	 -149.902	 -149.902	 -149.902
2.32422e+03	 -1082.47	 949.58	 0	 31738.1	 217.428	 -148.918	 -148.918	 -148.918
2.34375e+03	 -1060.24	 926.55	 0	 31728.9	 191.427	 -176.255	 -176.255	 -176.255
2.36328e+03	 -1075.06	 946.555	 0	 31722.6	 212.939	 -154.928	 -154.928	 -154.928
2.38281e+03	 -1082.38	 949.482	 0	 31733.9	 217.72	 -148.583	 -148.583	 -148.583
2.40234e+03	 -1061.52	 928.045	 0	 31729.3	 193.754	 -173.504	 -173.504	 -173.504
2.42188e+03	 -1073.38	 942.466	 0	 31722.2	 208.71	 -159.061	 -159.061	 -159.061
2.44141e+03	 -1081.63	 948.719	 0	 31730.6	 217.235	 -149.017	 -149.017	 -149.017
2.46094e+03	 -1063.64	 929.596	 0	 31729.4	 196.081	 -170.809	 -170.809	 -170.809
2.48047e+03	 -1072.06	 939.017	 0	 31721.8	 205.24	 -162.355	 -162.355	 -162.355
2.50000e+03	 -1080.62	 947.55	 0	 31727.8	 216.243	 -149.987	 -149.987	 -149.987
2.51953e+03	 -1066.14	 931.086	 0	 31729.2	 198.308	 -168.292	 -168.292	 -168.292
2.53906e+03	 -1071.09	 936.121	 0	 31721.5	 202.488	 -164.883	 -164.883	 -164.883
2.55859e+03	 -1079.58	 946.088	 0	 31725.4	 214.84	 -151.365	 -151.365	 -151.365
2.57812e+03	 -1068.6	 932.461	 0	 31728.6	 200.319	 -166.026	 -166.026	 -166.026
2.59766e+03	 -1070.39	 933.73	 0	 31721.4	 200.405	 -166.71	 -166.71	 -166.71
2.61719e+03	 -1078.63	 944.399	 0	 31723.5	 213.138	 -153.045	 -153.045	 -153.045
2.63672e+03	 -1070.83	 933.667	 0	 31727.5	 202.044	 -164.092	 -164.092	 -164.092
2.65625e+03	 -1069.92	 931.825	 0	 31721.2	 198.943	 -167.913	 -167.913	 -167.913
2.67578e+03	 -1077.73	 942.535	 0	 31721.9	 211.26	 -154.891	 -154.891	 -154.891
2.69531e+03	 -1072.72	 934.644	 0	 31726.3	 203.401	 -162.553	 -162.553	 -162.553
2.71484e+03	 -1069.66	 930.395	 0	 31721	 197.992	 -168.609	 -168.609	 -168.609
2.73438e+03	 -1076.88	 940.56	 0	 31720.6	 209.336	 -156.77	 -156.77	 -156.77
2.75391e+03	 -1074.23	 935.339	 0	 31724.9	 204.391	 -161.407	 -161.407	 -161.407
2.77344e+03	 -1069.65	 929.405	 0	 31720.7	 197.441	 -168.919	 -168.919	 -168.919
2.79297e+03	 -1076.09	 938.55	 0	 31719.4	 207.441	 -158.606	 -158.606	 -158.606
2.81250e+03	 -1075.31	 935.725	 0	 31723.5	 205.042	 -160.618	 -160.618	 -160.618
2.83203e+03	 -1069.9	 928.79	 0	 31720.5	 197.212	 -168.919	 -168.919	 -168.919
2.85156e+03	 -1075.4	 936.576	 0	 31718.5	 205.601	 -160.372	 -160.372	 -160.372
2.87109e+03	 -1075.99	 935.806	 0	 31722	 205.379	 -160.162	 -160.162	 -160.162
2.89062e+03	 -1070.35	 928.474	 0	 31720.1	 197.264	 -168.653	 -168.653	 -168.653
2.91016e+03	 -1074.82	 934.692	 0	 31717.7	 203.857	 -162.028	 -162.028	 -162.028
2.92969e+03	 -1076.39	 935.612	 0	 31720.6	 205.414	 -160.024	 -160.024	 -160.024
2.94922e+03	 -1070.93	 928.376	 0	 31719.6	 197.523	 -168.196	 -168.196	 -168.196
2.96875e+03	 -1074.33	 932.938	 0	 31717.1	 202.26	 -163.52	 -163.52	 -163.52
2.98828e+03	 -1076.6	 935.19	 0	 31719.3	 205.194	 -160.153	 -160.153	 -160.153
3.00781e+03	 -1071.58	 928.411	 0	 31719.1	 197.891	 -167.646	 -167.646	 -167.646
3.02734e+03	 -1073.92	 931.349	 0	 31716.4	 200.847	 -164.818	 -164.818	 -164.818
3.04688e+03	 -1076.68	 934.581	 0	 31718.1	 204.772	 -160.49	 -160.49	 -160.49
3.06641e+03	 -1072.26	 928.509	 0	 31718.5	 198.298	 -167.074	 -167.074	 -167.074
3.08594e+03	 -1073.6	 929.947	 0	 31715.9	 199.631	 -165.913	 -165.913	 -165.913
3.10547e+03	 -1076.67	 933.818	 0	 31716.9	 204.189	 -160.992	 -160.992	 -160.992
3.12500e+03	 -1072.95	 928.618	 0	 31717.8	 198.698	 -166.522	 -166.522	 -166.522
3.14453e+03	 -1073.35	 928.749	 0	 31715.4	 198.618	 -166.799	 -166.799	 -166.799
3.16406e+03	 -1076.58	 932.937	 0	 31715.9	 203.473	 -161.632	 -161.632	 -161.632
3.18359e+03	 -1073.64	 928.693	 0	 31717.1	 199.06	 -166.021	 -166.021	 -166.021
3.20312e+03	 -1073.18	 927.74	 0	 31714.9	 197.803	 -167.483	 -167.483	 -167.483
3.22266e+03	 -1076.42	 931.982	 0	 31714.9	 202.658	 -162.373	 -162.373	 -162.373
3.24219e+03	 -1074.28	 928.723	 0	 31716.3	 199.364	 -165.59	 -165.59	 -165.59
3.26172e+03	 -1073.11	 926.887	 0	 31714.4	 197.166	 -167.987	 -167.987	 -167.987
3.28125e+03	 -1076.22	 930.98	 0	 31714.1	 201.775	 -163.182	 -163.182	 -163.182
3.30078e+03	 -1074.86	 928.705	 0	 31715.4	 199.594	 -165.243	 -165.243	 -165.243
3.32031e+03	 -1073.12	 926.173	 0	 31714	 196.687	 -168.336	 -168.336	 -168.336
3.33984e+03	 -1075.99	 929.952	 0	 31713.3	 200.863	 -164.018	 -164.018	 -164.018
3.35938e+03	 -1075.37	 928.627	 0	 31714.6	 199.734	 -164.997	 -164.997	 -164.997
3.37891e+03	 -1073.2	 925.584	 0	 31713.5	 196.337	 -168.558	 -168.558	 -168.558
3.39844e+03	 -1075.75	 928.922	 0	 31712.6	 199.958	 -164.846	 -164.846	 -164.846
3.41797e+03	 -1075.8	 928.481	 0	 31713.8	 199.782	 -164.849	 -164.849	 -164.849
3.43750e+03	 -1073.36	 925.108	 0	 31713	 196.094	 -168.676	 -168.676	 -168.676
3.45703e+03	 -1075.5	 927.899	 0	 31711.9	 199.07	 -165.656	 -165.656	 -165.656
3.47656e+03	 -1076.14	 928.264	 0	 31712.9	 199.742	 -164.796	 -164.796	 -164.796
3.49609e+03	 -1073.6	 924.737	 0	 31712.6	 195.947	 -168.703	 -168.703	 -168.703
3.51562e+03	 -1075.28	 926.895	 0	 31711.3	 198.208	 -166.439	 -166.439	 -166.439
3.53516e+03	 -1076.38	 927.969	 0	 31712.1	 199.614	 -164.839	 -164.839	 -164.839
3.55469e+03	 -1073.89	 924.464	 0	 31712.1	 195.887	 -168.647	 -168.647	 -168.647
3.57422e+03	 -1075.07	 925.925	 0	 31710.8	 197.382	 -167.182	 -167.182	 -167.182
3.59375e+03	 -1076.54	 927.589	 0	 31711.3	 199.391	 -164.981	 -164.981	 -164.981
3.61328e+03	 -1074.23	 924.272	 0	 31711.5	 195.9	 -168.523	 -168.523	 -168.523
3.63281e+03	 -1074.9	 925.013	 0	 31710.2	 196.615	 -167.865	 -167.865	 -167.865
3.65234e+03	 -1076.63	 927.121	 0	 31710.6	 199.073	 -165.225	 -165.225	 -165.225
3.67188e+03	 -1074.59	 924.136	 0	 31711	 195.964	 -168.352	 -168.352	 -168.352
3.69141e+03	 -1074.76	 924.175	 0	 31709.8	 195.924	 -168.47	 -168.47	 -168.47
3.71094e+03	 -1076.66	 926.575	 0	 31709.9	 198.668	 -165.559	 -165.559	 -165.559
3.73047e+03	 -1074.97	 924.031	 0	 31710.4	 196.053	 -168.163	 -168.163	 -168.163
3.75000e+03	 -1074.66	 923.421	 0	 31709.3	 195.318	 -168.987	 -168.987	 -168.987
3.76953e+03	 -1076.64	 925.967	 0	 31709.2	 198.191	 -165.969	 -165.969	 -165.969
3.78906e+03	 -1075.35	 923.935	 0	 31709.8	 196.144	 -167.976	 -167.976	 -167.976
3.80859e+03	 -1074.6	 922.752	 0	 31708.9	 194.801	 -169.414	 -169.414	 -169.414
3.82812e+03	 -1076.57	 925.311	 0	 31708.5	 197.657	 -166.437	 -166.437	 -166.437
3.84766e+03	 -1075.72	 923.834	 0	 31709.2	 196.224	 -167.806	 -167.806	 -167.806
3.86719e+03	 -1074.59	 922.167	 0	 31708.4	 194.373	 -169.753	 -169.753	 -169.753
3.88672e+03	 -1076.46	 924.618	 0	 31708	 197.078	 -166.952	 -166.952	 -166.952
3.90625e+03	 -1076.06	 923.718	 0	 31708.6	 196.278	 -167.667	 -167.667	 -167.667
3.92578e+03	 -1074.64	 921.668	 0	 31708	 194.034	 -170.003	 -170.003	 -170.003
3.94531e+03	 -1076.33	 923.895	 0	 31707.4	 196.466	 -167.502	 -167.502	 -167.502
3.96484e+03	 -1076.35	 923.574	 0	 31708	 196.293	 -167.572	 -167.572	 -167.572
3.98438e+03	 -1074.75	 921.256	 0	 31707.6	 193.784	 -170.163	 -170.163	 -170.163
4.00391e+03	 -1076.19	 923.155	 0	 31706.9	 195.836	 -168.07	 -168.07	 -168.07
4.02344e+03	 -1076.59	 923.384	 0	 31707.4	 196.253	 -167.538	 -167.538	 -167.538
4.04297e+03	 -1074.9	 920.932	 0	 31707.2	 193.623	 -170.236	 -170.236	 -170.236
4.06250e+03	 -1076.05	 922.417	 0	 31706.4	 195.206	 -168.636	 -168.636	 -168.636
4.08203e+03	 -1076.78	 923.133	 0	 31706.8	 196.14	 -167.581	 -167.581	 -167.581
4.10156e+03	 -1075.1	 920.687	 0	 31706.8	 193.542	 -170.231	 -170.231	 -170.231
4.12109e+03	 -1075.93	 921.7	 0	 31705.9	 194.6	 -169.177	 -169.177	 -169.177
4.14062e+03	 -1076.9	 922.814	 0	 31706.2	 195.946	 -167.71	 -167.71	 -167.71
4.16016e+03	 -1075.34	 920.506	 0	 31706.3	 193.522	 -170.167	 -170.167	 -170.167
4.17969e+03	 -1075.81	 921.023	 0	 31705.5	 194.039	 -169.671	 -169.671	 -169.671
4.19922e+03	 -1076.97	 922.429	 0	 31705.7	 195.677	 -167.918	 -167.918	 -167.918
4.21875e+03	 -1075.61	 920.364	 0	 31705.9	 193.536	 -170.073	 -170.073	 -170.073
4.23828e+03	 -1075.73	 920.4	 0	 31705.1	 193.537	 -170.106	 -170.106	 -170.106
4.25781e+03	 -1076.99	 921.988	 0	 31705.1	 195.347	 -168.19	 -168.19	 -168.19
4.27734e+03	 -1075.88	 920.242	 0	 31705.4	 193.561	 -169.97	 -169.97	 -169.97
4.29688e+03	 -1075.69	 919.84	 0	 31704.7	 193.099	 -170.475	 -170.475	 -170.475
4.31641e+03	 -1076.97	 921.499	 0	 31704.6	 194.966	 -168.514	 -168.514	 -168.514
4.33594e+03	 -1076.13	 920.121	 0	 31704.9	 193.582	 -169.875	 -169.875	 -169.875
4.35547e+03	 -1075.68	 919.351	 0	 31704.4	 192.733	 -170.772	 -170.772	 -170.772
4.37500e+03	 -1076.93	 920.974	 0	 31704.1	 194.543	 -168.882	 -168.882	 -168.882
4.39453e+03	 -1076.37	 919.985	 0	 31704.4	 193.583	 -169.805	 -169.805	 -169.805
4.41406e+03	 -1075.72	 918.935	 0	 31704	 192.442	 -170.992	 -170.992	 -170.992
4.43359e+03	 -1076.87	 920.423	 0	 31703.6	 194.091	 -169.28	 -169.28	 -169.28
4.45312e+03	 -1076.58	 919.822	 0	 31704	 193.55	 -169.773	 -169.773	 -169.773
4.47266e+03	 -1075.79	 918.585	 0	 31703.6	 192.221	 -171.143	 -171.143	 -171.143
4.49219e+03	 -1076.79	 919.866	 0	 31703.2	 193.631	 -169.686	 -169.686	 -169.686
4.51172e+03	 -1076.76	 919.624	 0	 31703.5	 193.473	 -169.787	 -169.787	 -169.787
4.53125e+03	 -1075.89	 918.288	 0	 31703.2	 192.053	 -171.243	 -171.243	 -171.243
4.55078e+03	 -1076.72	 919.319	 0	 31702.8	 193.182	 -170.08	 -170.08	 -170.08
4.57031e+03	 -1076.91	 919.39	 0	 31703	 193.355	 -169.846	 -169.846	 -169.846
4.58984e+03	 -1076.01	 918.029	 0	 31702.9	 191.92	 -171.309	 -171.309	 -171.309
4.60938e+03	 -1076.65	 918.793	 0	 31702.4	 192.755	 -170.453	 -170.453	 -170.453
4.62891e+03	 -1077.02	 919.122	 0	 31702.5	 193.198	 -169.945	 -169.945	 -169.945
4.64844e+03	 -1076.16	 917.799	 0	 31702.5	 191.812	 -171.35	 -171.35	 -171.35
4.66797e+03	 -1076.6	 918.293	 0	 31702	 192.354	 -170.799	 -170.799	 -170.799
4.68750e+03	 -1077.11	 918.824	 0	 31702.1	 193.006	 -170.082	 -170.082	 -170.082
4.70703e+03	 -1076.31	 917.59	 0	 31702.1	 191.725	 -171.374	 -171.374	 -171.374
4.72656e+03	 -1076.56	 917.822	 0	 31701.7	 191.981	 -171.116	 -171.116	 -171.116
4.74609e+03	 -1077.16	 918.498	 0	 31701.7	 192.782	 -170.253	 -170.253	 -170.253
4.76562e+03	 -1076.47	 917.396	 0	 31701.7	 191.65	 -171.387	 -171.387	 -171.387
4.78516e+03	 -1076.54	 917.383	 0	 31701.3	 191.641	 -171.401	 -171.401	 -171.401
4.80469e+03	 -1077.19	 918.149	 0	 31701.2	 192.53	 -170.454	 -170.454	 -170.454
4.82422e+03	 -1076.63	 917.211	 0	 31701.3	 191.58	 -171.396	 -171.396	 -171.396
4.84375e+03	 -1076.54	 916.976	 0	 31701	 191.334	 -171.652	 -171.652	 -171.652
4.86328e+03	 -1077.21	 917.78	 0	 31700.8	 192.255	 -170.678	 -170.678	 -170.678
4.88281e+03	 -1076.78	 917.027	 0	 31700.9	 191.509	 -171.409	 -171.409	 -171.409
4.90234e+03	 -1076.56	 916.602	 0	 31700.6	 191.062	 -171.869	 -171.869	 -171.869
4.92188e+03	 -1077.21	 917.397	 0	 31700.4	 191.963	 -170.921	 -170.921	 -170.921
4.94141e+03	 -1076.93	 916.84	 0	 31700.5	 191.431	 -171.432	 -171.432	 -171.432
4.96094e+03	 -1076.59	 916.262	 0	 31700.3	 190.823	 -172.053	 -172.053	 -172.053
4.98047e+03	 -1077.21	 917.005	 0	 31700.1	 191.66	 -171.176	 -171.176	 -171.176
5.00000e+03	 -1077.06	 916.645	 0	 31700.1	 191.34	 -171.468	 -171.468	 -171.468
5.01953e+03	 -1076.65	 915.953	 0	 31699.9	 190.616	 -172.206	 -172.206	 -172.206
5.03906e+03	 -1077.19	 916.609	 0	 31699.7	 191.352	 -171.436	 -171.436	 -171.436
5.05859e+03	 -1077.18	 916.438	 0	 31699.8	 191.234	 -171.521	 -171.521	 -171.521
5.07812e+03	 -1076.71	 915.672	 0	 31699.6	 190.436	 -172.331	 -172.331	 -172.331
5.09766e+03	 -1077.18	 916.214	 0	 31699.3	 191.045	 -171.696	 -171.696	 -171.696
5.11719e+03	 -1077.28	 916.217	 0	 31699.4	 191.11	 -171.594	 -171.594	 -171.594
5.13672e+03	 -1076.79	 915.417	 0	 31699.3	 190.282	 -172.432	 -172.432	 -172.432
5.15625e+03	 -1077.16	 915.826	 0	 31699	 190.743	 -171.951	 -171.951	 -171.951
5.17578e+03	 -1077.37	 915.98	 0	 31699	 190.968	 -171.688	 -171.688	 -171.688
5.19531e+03	 -1076.88	 915.184	 0	 31698.9	 190.147	 -172.514	 -172.514	 -172.514
5.21484e+03	 -1077.15	 915.448	 0	 31698.7	 190.45	 -172.197	 -172.197	 -172.197
5.23438e+03	 -1077.44	 915.727	 0	 31698.6	 190.806	 -171.802	 -171.802	 -171.802
5.25391e+03	 -1076.98	 914.968	 0	 31698.6	 190.029	 -172.58	 -172.58	 -172.58
5.27344e+03	 -1077.14	 915.083	 0	 31698.4	 190.171	 -172.43	 -172.43	 -172.43
5.29297e+03	 -1077.49	 915.459	 0	 31698.3	 190.626	 -171.935	 -171.935	 -171.935
5.31250e+03	 -1077.09	 914.766	 0	 31698.3	 189.923	 -172.635	 -172.635	 -172.635
5.33203e+03	 -1077.14	 914.735	 0	 31698	 189.908	 -172.647	 -172.647	 -172.647
5.35156e+03	 -1077.54	 915.176	 0	 31697.9	 190.429	 -172.087	 -172.087	 -172.087
5.37109e+03	 -1077.19	 914.573	 0	 31698	 189.825	 -172.684	 -172.684	 -172.684
5.39062e+03	 -1077.15	 914.406	 0	 31697.7	 189.664	 -172.844	 -172.844	 -172.844
5.41016e+03	 -1077.56	 914.88	 0	 31697.6	 190.216	 -172.256	 -172.256	 -172.256
5.42969e+03	 -1077.3	 914.384	 0	 31697.6	 189.73	 -172.731	 -172.731	 -172.731
5.44922e+03	 -1077.17	 914.097	 0	 31697.4	 189.441	 -173.021	 -173.021	 -173.021
5.46875e+03	 -1077.58	 914.574	 0	 31697.3	 189.99	 -172.439	 -172.439	 -172.439
5.48828e+03	 -1077.4	 914.196	 0	 31697.3	 189.633	 -172.78	 -172.78	 -172.78
5.50781e+03	 -1077.2	 913.811	 0	 31697.1	 189.239	 -173.177	 -173.177	 -173.177
5.52734e+03	 -1077.59	 914.26	 0	 31697	 189.755	 -172.632	 -172.632	 -172.632
5.54688e+03	 -1077.5	 914.005	 0	 31697	 189.53	 -172.837	 -172.837	 -172.837
5.56641e+03	 -1077.24	 913.545	 0	 31696.8	 189.059	 -173.311	 -173.311	 -173.311
5.58594e+03	 -1077.6	 913.942	 0	 31696.6	 189.515	 -172.83	 -172.83	 -172.83
5.60547e+03	 -1077.59	 913.807	 0	 31696.6	 189.418	 -172.904	 -172.904	 -172.904
5.62500e+03	 -1077.3	 913.299	 0	 31696.5	 188.898	 -173.427	 -173.427	 -173.427
5.64453e+03	 -1077.6	 913.626	 0	 31696.3	 189.275	 -173.028	 -173.028	 -173.028
5.66406e+03	 -1077.67	 913.602	 0	 31696.3	 189.296	 -172.983	 -172.983	 -172.983
5.68359e+03	 -1077.36	 913.069	 0	 31696.2	 188.753	 -173.527	 -173.527	 -173.527
5.70312e+03	 -1077.6	 913.313	 0	 31696	 189.038	 -173.224	 -173.224	 -173.224
5.72266e+03	 -1077.74	 913.387	 0	 31696	 189.163	 -173.073	 -173.073	 -173.073
5.74219e+03	 -1077.43	 912.854	 0	 31695.9	 188.621	 -173.614	 -173.614	 -173.614
5.76172e+03	 -1077.6	 913.005	 0	 31695.8	 188.807	 -173.415	 -173.415	 -173.415
5.78125e+03	 -1077.79	 913.164	 0	 31695.7	 189.019	 -173.175	 -173.175	 -173.175
5.80078e+03	 -1077.5	 912.65	 0	 31695.7	 188.501	 -173.691	 -173.691	 -173.691
5.82031e+03	 -1077.61	 912.707	 0	 31695.5	 188.583	 -173.598	 -173.598	 -173.598
5.83984e+03	 -1077.84	 912.93	 0	 31695.4	 188.863	 -173.291	 -173.291	 -173.291
5.85938e+03	 -1077.58	 912.457	 0	 31695.4	 188.389	 -173.759	 -173.759	 -173.759
5.87891e+03	 -1077.62	 912.42	 0	 31695.2	 188.37	 -173.771	 -173.771	 -173.771
5.89844e+03	 -1077.88	 912.686	 0	 31695.1	 188.694	 -173.419	 -173.419	 -173.419
5.91797e+03	 -1077.66	 912.271	 0	 31695.1	 188.284	 -173.822	 -173.822	 -173.822
5.93750e+03	 -1077.64	 912.146	 0	 31694.9	 188.171	 -173.93	 -173.93	 -173.93
5.95703e+03	 -1077.91	 912.433	 0	 31694.8	 188.514	 -173.561	 -173.561	 -173.561
5.97656e+03	 -1077.74	 912.088	 0	 31694.8	 188.182	 -173.883	 -173.883	 -173.883
5.99609e+03	 -1077.66	 911.886	 0	 31694.6	 187.986	 -174.074	 -174.074	 -174.074
6.01562e+03	 -1077.94	 912.173	 0	 31694.5	 188.326	 -173.711	 -173.711	 -173.711
6.03516e+03	 -1077.82	 911.907	 0	 31694.5	 188.078	 -173.945	 -173.945	 -173.945
6.05469e+03	 -1077.69	 911.64	 0	 31694.4	 187.815	 -174.206	 -174.206	 -174.206
6.07422e+03	 -1077.95	 911.91	 0	 31694.2	 188.134	 -173.865	 -173.865	 -173.865
6.09375e+03	 -1077.89	 911.724	 0	 31694.2	 187.971	 -174.012	 -174.012	 -174.012
6.11328e+03	 -1077.73	 911.405	 0	 31694.1	 187.654	 -174.327	 -174.327	 -174.327
6.13281e+03	 -1077.97	 911.646	 0	 31694	 187.94	 -174.021	 -174.021	 -174.021
6.15234e+03	 -1077.96	 911.538	 0	 31693.9	 187.86	 -174.084	 -174.084	 -174.084
6.17188e+03	 -1077.78	 911.183	 0	 31693.8	 187.505	 -174.437	 -174.437	 -174.437
6.19141e+03	 -1077.98	 911.383	 0	 31693.7	 187.746	 -174.179	 -174.179	 -174.179
6.21094e+03	 -1078.03	 911.348	 0	 31693.7	 187.744	 -174.161	 -174.161	 -174.161
6.23047e+03	 -1077.83	 910.973	 0	 31693.6	 187.368	 -174.535	 -174.535	 -174.535
6.25000e+03	 -1077.99	 911.121	 0	 31693.4	 187.551	 -174.337	 -174.337	 -174.337
6.26953e+03	 -1078.08	 911.153	 0	 31693.4	 187.621	 -174.247	 -174.247	 -174.247
6.28906e+03	 -1077.88	 910.773	 0	 31693.3	 187.242	 -174.623	 -174.623	 -174.623
6.30859e+03	 -1078	 910.861	 0	 31693.2	 187.36	 -174.492	 -174.492	 -174.492
6.32812e+03	 -1078.13	 910.952	 0	 31693.1	 187.491	 -174.34	 -174.34	 -174.34
6.34766e+03	 -1077.94	 910.583	 0	 31693.1	 187.124	 -174.703	 -174.703	 -174.703
6.36719e+03	 -1078.02	 910.607	 0	 31692.9	 187.172	 -174.643	 -174.643	 -174.643
6.38672e+03	 -1078.18	 910.744	 0	 31692.8	 187.352	 -174.442	 -174.442	 -174.442
6.40625e+03	 -1078	 910.4	 0	 31692.8	 187.013	 -174.776	 -174.776	 -174.776
6.42578e+03	 -1078.03	 910.36	 0	 31692.7	 186.992	 -174.788	 -174.788	 -174.788
6.44531e+03	 -1078.22	 910.531	 0	 31692.6	 187.207	 -174.552	 -174.552	 -174.552
6.46484e+03	 -1078.06	 910.223	 0	 31692.5	 186.907	 -174.844	 -174.844	 -174.844
6.48438e+03	 -1078.05	 910.12	 0	 31692.4	 186.819	 -174.926	 -174.926	 -174.926
6.50391e+03	 -1078.25	 910.312	 0	 31692.3	 187.054	 -174.669	 -174.669	 -174.669
6.52344e+03	 -1078.13	 910.05	 0	 31692.3	 186.804	 -174.91	 -174.91	 -174.91
6.54297e+03	 -1078.07	 909.889	 0	 31692.2	 186.654	 -175.055	 -175.055	 -175.055
6.56250e+03	 -1078.27	 910.089	 0	 31692.1	 186.896	 -174.793	 -174.793	 -174.793
6.58203e+03	 -1078.19	 909.879	 0	 31692	 186.702	 -174.976	 -174.976	 -174.976
6.60156e+03	 -1078.1	 909.667	 0	 31691.9	 186.498	 -175.175	 -175.175	 -175.175
6.62109e+03	 -1078.3	 909.861	 0	 31691.8	 186.733	 -174.922	 -174.922	 -174.922
6.64062e+03	 -1078.25	 909.708	 0	 31691.8	 186.6	 -175.042	 -175.042	 -175.042
6.66016e+03	 -1078.13	 909.455	 0	 31691.7	 186.352	 -175.287	 -175.287	 -175.287
6.67969e+03	 -1078.31	 909.631	 0	 31691.6	 186.566	 -175.055	 -175.055	 -175.055
6.69922e+03	 -1078.31	 909.537	 0	 31691.5	 186.496	 -175.111	 -175.111	 -175.111
6.71875e+03	 -1078.17	 909.252	 0	 31691.4	 186.215	 -175.389	 -175.389	 -175.389
6.73828e+03	 -1078.33	 909.4	 0	 31691.3	 186.397	 -175.19	 -175.19	 -175.19
6.75781e+03	 -1078.37	 909.363	 0	 31691.3	 186.388	 -175.184	 -175.184	 -175.184
6.77734e+03	 -1078.21	 909.059	 0	 31691.2	 186.087	 -175.482	 -175.482	 -175.482
6.79688e+03	 -1078.34	 909.169	 0	 31691.1	 186.228	 -175.327	 -175.327	 -175.327
6.81641e+03	 -1078.42	 909.186	 0	 31691	 186.276	 -175.262	 -175.262	 -175.262
6.83594e+03	 -1078.26	 908.874	 0	 31691	 185.968	 -175.567	 -175.567	 -175.567
6.85547e+03	 -1078.36	 908.939	 0	 31690.9	 186.059	 -175.463	 -175.463	 -175.463
6.87500e+03	 -1078.46	 909.004	 0	 31690.8	 186.159	 -175.346	 -175.346	 -175.346
6.89453e+03	 -1078.31	 908.697	 0	 31690.7	 185.856	 -175.644	 -175.644	 -175.644
6.91406e+03	 -1078.37	 908.712	 0	 31690.6	 185.893	 -175.597	 -175.597	 -175.597
6.93359e+03	 -1078.5	 908.817	 0	 31690.5	 186.035	 -175.437	 -175.437	 -175.437
6.95312e+03	 -1078.36	 908.528	 0	 31690.5	 185.751	 -175.715	 -175.715	 -175.715
6.97266e+03	 -1078.39	 908.489	 0	 31690.4	 185.731	 -175.726	 -175.726	 -175.726
6.99219e+03	 -1078.54	 908.625	 0	 31690.3	 185.904	 -175.534	 -175.534	 -175.534
7.01172e+03	 -1078.41	 908.363	 0	 31690.3	 185.651	 -175.781	 -175.781	 -175.781
7.03125e+03	 -1078.41	 908.273	 0	 31690.2	 185.575	 -175.85	 -175.85	 -175.85
7.05078e+03	 -1078.57	 908.428	 0	 31690.1	 185.767	 -175.639	 -175.639	 -175.639
7.07031e+03	 -1078.47	 908.202	 0	 31690	 185.553	 -175.845	 -175.845	 -175.845
7.08984e+03	 -1078.43	 908.063	 0	 31689.9	 185.426	 -175.967	 -175.967	 -175.967
7.10938e+03	 -1078.6	 908.225	 0	 31689.8	 185.625	 -175.75	 -175.75	 -175.75
7.12891e+03	 -1078.53	 908.043	 0	 31689.8	 185.458	 -175.908	 -175.908	 -175.908
7.14844e+03	 -1078.45	 907.862	 0	 31689.7	 185.285	 -176.076	 -176.076	 -176.076
7.16797e+03	 -1078.62	 908.019	 0	 31689.6	 185.477	 -175.867	 -175.867	 -175.867
7.18750e+03	 -1078.58	 907.885	 0	 31689.6	 185.361	 -175.972	 -175.972	 -175.972
7.20703e+03	 -1078.48	 907.669	 0	 31689.5	 185.152	 -176.176	 -176.176	 -176.176
7.22656e+03	 -1078.64	 907.81	 0	 31689.4	 185.326	 -175.987	 -175.987	 -175.987
7.24609e+03	 -1078.63	 907.724	 0	 31689.3	 185.262	 -176.039	 -176.039	 -176.039
7.26562e+03	 -1078.52	 907.485	 0	 31689.3	 185.028	 -176.269	 -176.269	 -176.269
7.28516e+03	 -1078.65	 907.599	 0	 31689.2	 185.173	 -176.109	 -176.109	 -176.109
7.30469e+03	 -1078.68	 907.561	 0	 31689.1	 185.159	 -176.109	 -176.109	 -176.109
7.32422e+03	 -1078.56	 907.309	 0	 31689	 184.912	 -176.353	 -176.353	 -176.353
7.34375e+03	 -1078.67	 907.39	 0	 31688.9	 185.02	 -176.231	 -176.231	 -176.231
7.36328e+03	 -1078.72	 907.394	 0	 31688.9	 185.052	 -176.186	 -176.186	 -176.186
7.38281e+03	 -1078.6	 907.139	 0	 31688.8	 184.803	 -176.43	 -176.43	 -176.43
7.40234e+03	 -1078.68	 907.182	 0	 31688.7	 184.869	 -176.352	 -176.352	 -176.352
7.42188e+03	 -1078.76	 907.222	 0	 31688.7	 184.938	 -176.268	 -176.268	 -176.268
7.44141e+03	 -1078.65	 906.976	 0	 31688.6	 184.699	 -176.502	 -176.502	 -176.502
7.46094e+03	 -1078.7	 906.977	 0	 31688.5	 184.722	 -176.47	 -176.47	 -176.47
7.48047e+03	 -1078.8	 907.045	 0	 31688.4	 184.819	 -176.357	 -176.357	 -176.357
7.50000e+03	 -1078.69	 906.818	 0	 31688.4	 184.6	 -176.57	 -176.57	 -176.57
7.51953e+03	 -1078.72	 906.778	 0	 31688.3	 184.579	 -176.582	 -176.582	 -176.582
7.53906e+03	 -1078.83	 906.863	 0	 31688.2	 184.694	 -176.452	 -176.452	 -176.452
7.55859e+03	 -1078.74	 906.662	 0	 31688.2	 184.503	 -176.636	 -176.636	 -176.636
7.57812e+03	 -1078.74	 906.585	 0	 31688.1	 184.442	 -176.689	 -176.689	 -176.689
7.59766e+03	 -1078.86	 906.677	 0	 31688	 184.565	 -176.552	 -176.552	 -176.552
7.61719e+03	 -1078.79	 906.507	 0	 31687.9	 184.407	 -176.702	 -176.702	 -176.702
7.63672e+03	 -1078.76	 906.399	 0	 31687.9	 184.312	 -176.789	 -176.789	 -176.789
7.65625e+03	 -1078.88	 906.489	 0	 31687.8	 184.432	 -176.655	 -176.655	 -176.655
7.67578e+03	 -1078.84	 906.352	 0	 31687.7	 184.31	 -176.769	 -176.769	 -176.769
7.69531e+03	 -1078.79	 906.219	 0	 31687.7	 184.189	 -176.883	 -176.883	 -176.883
7.71484e+03	 -1078.9	 906.298	 0	 31687.6	 184.296	 -176.762	 -176.762	 -176.762
7.73438e+03	 -1078.88	 906.195	 0	 31687.5	 184.21	 -176.838	 -176.838	 -176.838
7.75391e+03	 -1078.83	 906.045	 0	 31687.4	 184.071	 -176.97	 -176.97	 -176.97
7.77344e+03	 -1078.92	 906.108	 0	 31687.4	 184.16	 -176.869	 -176.869	 -176.869
7.79297e+03	 -1078.92	 906.035	 0	 31687.3	 184.107	 -176.912	 -176.912	 -176.912
7.81250e+03	 -1078.86	 905.878	 0	 31687.2	 183.96	 -177.052	 -177.052	 -177.052
7.83203e+03	 -1078.94	 905.918	 0	 31687.2	 184.025	 -176.975	 -176.975	 -176.975
7.85156e+03	 -1078.96	 905.872	 0	 31687.1	 184	 -176.989	 -176.989	 -176.989
7.87109e+03	 -1078.9	 905.714	 0	 31687	 183.853	 -177.13	 -177.13	 -177.13
7.89062e+03	 -1078.96	 905.731	 0	 31686.9	 183.892	 -177.079	 -177.079	 -177.079
7.91016e+03	 -1078.99	 905.706	 0	 31686.9	 183.889	 -177.071	 -177.071	 -177.071
7.92969e+03	 -1078.94	 905.554	 0	 31686.8	 183.748	 -177.205	 -177.205	 -177.205
7.94922e+03	 -1078.98	 905.548	 0	 31686.7	 183.763	 -177.18	 -177.18	 -177.18
7.96875e+03	 -1079.03	 905.537	 0	 31686.7	 183.775	 -177.157	 -177.157	 -177.157
7.98828e+03	 -1078.98	 905.397	 0	 31686.6	 183.646	 -177.278	 -177.278	 -177.278
8.00781e+03	 -1079.01	 905.368	 0	 31686.5	 183.637	 -177.277	 -177.277	 -177.277
8.02734e+03	 -1079.05	 905.366	 0	 31686.5	 183.657	 -177.245	 -177.245	 -177.245
8.04688e+03	 -1079.02	 905.24	 0	 31686.4	 183.544	 -177.351	 -177.351	 -177.351
8.06641e+03	 -1079.03	 905.192	 0	 31686.3	 183.515	 -177.371	 -177.371	 -177.371
8.08594e+03	 -1079.08	 905.193	 0	 31686.3	 183.538	 -177.336	 -177.336	 -177.336
8.10547e+03	 -1079.05	 905.083	 0	 31686.2	 183.442	 -177.424	 -177.424	 -177.424
8.12500e+03	 -1079.06	 905.021	 0	 31686.1	 183.397	 -177.46	 -177.46	 -177.46
8.14453e+03	 -1079.11	 905.019	 0	 31686.1	 183.418	 -177.428	 -177.428	 -177.428
8.16406e+03	 -1079.09	 904.925	 0	 31686	 183.338	 -177.499	 -177.499	 -177.499
8.18359e+03	 -1079.09	 904.853	 0	 31685.9	 183.283	 -177.546	 -177.546	 -177.546
8.20312e+03	 -1079.13	 904.846	 0	 31685.9	 183.297	 -177.521	 -177.521	 -177.521
8.22266e+03	 -1079.13	 904.766	 0	 31685.8	 183.233	 -177.576	 -177.576	 -177.576
8.24219e+03	 -1079.12	 904.689	 0	 31685.7	 183.172	 -177.629	 -177.629	 -177.629
8.26172e+03	 -1079.16	 904.674	 0	 31685.7	 183.178	 -177.612	 -177.612	 -177.612
8.28125e+03	 -1079.16	 904.606	 0	 31685.6	 183.127	 -177.654	 -177.654	 -177.654
8.30078e+03	 -1079.15	 904.526	 0	 31685.5	 183.063	 -177.71	 -177.71	 -177.71
8.32031e+03	 -1079.18	 904.503	 0	 31685.5	 183.059	 -177.703	 -177.703	 -177.703
8.33984e+03	 -1079.19	 904.444	 0	 31685.4	 183.018	 -177.735	 -177.735	 -177.735
8.35938e+03	 -1079.18	 904.366	 0	 31685.3	 182.955	 -177.789	 -177.789	 -177.789
8.37891e+03	 -1079.21	 904.334	 0	 31685.3	 182.943	 -177.792	 -177.792	 -177.792
8.39844e+03	 -1079.22	 904.282	 0	 31685.2	 182.909	 -177.817	 -177.817	 -177.817
8.41797e+03	 -1079.22	 904.206	 0	 31685.1	 182.848	 -177.868	 -177.868	 -177.868
8.43750e+03	 -1079.24	 904.168	 0	 31685.1	 182.828	 -177.879	 -177.879	 -177.879
8.45703e+03	 -1079.25	 904.12	 0	 31685	 182.798	 -177.899	 -177.899	 -177.899
8.47656e+03	 -1079.25	 904.047	 0	 31684.9	 182.742	 -177.947	 -177.947	 -177.947
8.49609e+03	 -1079.27	 904.003	 0	 31684.9	 182.715	 -177.964	 -177.964	 -177.964
8.51562e+03	 -1079.28	 903.957	 0	 31684.8	 182.687	 -177.983	 -177.983	 -177.983
8.53516e+03	 -1079.28	 903.889	 0	 31684.7	 182.636	 -178.026	 -178.026	 -178.026
8.55469e+03	 -1079.29	 903.84	 0	 31684.7	 182.604	 -178.048	 -178.048	 -178.048
8.57422e+03	 -1079.31	 903.794	 0	 31684.6	 182.577	 -178.066	 -178.066	 -178.066
8.59375e+03	 -1079.31	 903.73	 0	 31684.5	 182.529	 -178.105	 -178.105	 -178.105
8.61328e+03	 -1079.32	 903.678	 0	 31684.5	 182.494	 -178.131	 -178.131	 -178.131
8.63281e+03	 -1079.34	 903.632	 0	 31684.4	 182.466	 -178.149	 -178.149	 -178.149
8.65234e+03	 -1079.34	 903.572	 0	 31684.3	 182.422	 -178.184	 -178.184	 -178.184
8.67188e+03	 -1079.35	 903.518	 0	 31684.3	 182.386	 -178.212	 -178.212	 -178.212
8.69141e+03	 -1079.37	 903.471	 0	 31684.2	 182.356	 -178.232	 -178.232	 -178.232
8.71094e+03	 -1079.37	 903.413	 0	 31684.2	 182.315	 -178.264	 -178.264	 -178.264
8.73047e+03	 -1079.38	 903.359	 0	 31684.1	 182.278	 -178.293	 -178.293	 -178.293
8.75000e+03	 -1079.4	 903.31	 0	 31684	 182.247	 -178.315	 -178.315	 -178.315
8.76953e+03	 -1079.4	 903.255	 0	 31684	 182.208	 -178.344	 -178.344	 -178.344
8.78906e+03	 -1079.41	 903.2	 0	 31683.9	 182.17	 -178.373	 -178.373	 -178.373
8.80859e+03	 -1079.42	 903.151	 0	 31683.8	 182.138	 -178.396	 -178.396	 -178.396
8.82812e+03	 -1079.43	 903.097	 0	 31683.8	 182.101	 -178.425	 -178.425	 -178.425
8.84766e+03	 -1079.44	 903.042	 0	 31683.7	 182.063	 -178.453	 -178.453	 -178.453
8.86719e+03	 -1079.45	 902.992	 0	 31683.6	 182.03	 -178.478	 -178.478	 -178.478
8.88672e+03	 -1079.46	 902.939	 0	 31683.6	 181.994	 -178.505	 -178.505	 -178.505
8.90625e+03	 -1079.47	 902.885	 0	 31683.5	 181.957	 -178.533	 -178.533	 -178.533
8.92578e+03	 -1079.48	 902.834	 0	 31683.4	 181.923	 -178.558	 -178.558	 -178.558
8.94531e+03	 -1079.49	 902.781	 0	 31683.4	 181.887	 -178.585	 -178.585	 -178.585
8.96484e+03	 -1079.5	 902.728	 0	 31683.3	 181.85	 -178.613	 -178.613	 -178.613
8.98438e+03	 -1079.51	 902.676	 0	 31683.3	 181.816	 -178.639	 -178.639	 -178.639
9.00391e+03	 -1079.52	 902.624	 0	 31683.2	 181.78	 -178.665	 -178.665	 -178.665
9.02344e+03	 -1079.53	 902.571	 0	 31683.1	 181.744	 -178.692	 -178.692	 -178.692
9.04297e+03	 -1079.54	 902.519	 0	 31683.1	 181.709	 -178.718	 -178.718	 -178.718
9.06250e+03	 -1079.55	 902.467	 0	 31683	 181.674	 -178.745	 -178.745	 -178.745
9.08203e+03	 -1079.56	 902.415	 0	 31682.9	 181.638	 -178.772	 -178.772	 -178.772
9.10156e+03	 -1079.57	 902.363	 0	 31682.9	 181.603	 -178.798	 -178.798	 -178.798
9.12109e+03	 -1079.58	 902.311	 0	 31682.8	 181.568	 -178.824	 -178.824	 -178.824
9.14062e+03	 -1079.59	 902.259	 0	 31682.7	 181.532	 -178.851	 -178.851	 -178.851
9.16016e+03	 -1079.6	 902.207	 0	 31682.7	 181.497	 -178.877	 -178.877	 -178.877
9.17969e+03	 -1079.61	 902.155	 0	 31682.6	 181.462	 -178.903	 -178.903	 -178.903
9.19922e+03	 -1079.61	 902.103	 0	 31682.6	 181.427	 -178.93	 -178.93	 -178.93
9.21875e+03	 -1079.62	 902.051	 0	 31682.5	 181.392	 -178.956	 -178.956	 -178.956
9.23828e+03	 -1079.63	 902	 0	 31682.4	 181.357	 -178.983	 -178.983	 -178.983
9.25781e+03	 -1079.64	 901.948	 0	 31682.4	 181.322	 -179.009	 -179.009	 -179.009
9.27734e+03	 -1079.65	 901.896	 0	 31682.3	 181.286	 -179.035	 -179.035	 -179.035
9.29688e+03	 -1079.66	 901.845	 0	 31682.2	 181.251	 -179.062	 -179.062	 -179.062
9.31641e+03	 -1079.67	 901.793	 0	 31682.2	 181.216	 -179.088	 -179.088	 -179.088
9.33594e+03	 -1079.68	 901.741	 0	 31682.1	 181.181	 -179.114	 -179.114	 -179.114
9.35547e+03	 -1079.69	 901.69	 0	 31682.1	 181.146	 -179.14	 -179.14	 -179.14
9.37500e+03	 -1079.7	 901.638	 0	 31682	 181.111	 -179.167	 -179.167	 -179.167
9.39453e+03	 -1079.71	 901.587	 0	 31681.9	 181.077	 -179.193	 -179.193	 -179.193
9.41406e+03	 -1079.72	 901.535	 0	 31681.9	 181.042	 -179.219	 -179.219	 -179.219
9.43359e+03	 -1079.73	 901.484	 0	 31681.8	 181.007	 -179.245	 -179.245	 -179.245
9.45312e+03	 -1079.74	 901.432	 0	 31681.7	 180.972	 -179.271	 -179.271	 -179.271
9.47266e+03	 -1079.75	 901.381	 0	 31681.7	 180.937	 -179.297	 -179.297	 -179.297
9.49219e+03	 -1079.76	 901.33	 0	 31681.6	 180.902	 -179.324	 -179.324	 -179.324
9.51172e+03	 -1079.77	 901.278	 0	 31681.6	 180.867	 -179.35	 -179.35	 -179.35
9.53125e+03	 -1079.78	 901.227	 0	 31681.5	 180.832	 -179.376	 -179.376	 -179.376
9.55078e+03	 -1079.78	 901.176	 0	 31681.4	 180.798	 -179.402	 -179.402	 -179.402
9.57031e+03	 -1079.79	 901.124	 0	 31681.4	 180.763	 -179.428	 -179.428	 -179.428
9.58984e+03	 -1079.8	 901.073	 0	 31681.3	 180.728	 -179.454	 -179.454	 -179.454
9.60938e+03	 -1079.81	 901.022	 0	 31681.2	 180.693	 -179.48	 -179.48	 -179.48
9.62891e+03	 -1079.82	 900.971	 0	 31681.2	 180.659	 -179.506	 -179.506	 -179.506
9.64844e+03	 -1079.83	 900.92	 0	 31681.1	 180.624	 -179.532	 -179.532	 -179.532
9.66797e+03	 -1079.84	 900.868	 0	 31681.1	 180.589	 -179.558	 -179.558	 -179.558
9.68750e+03	 -1079.85	 900.817	 0	 31681	 180.554	 -179.584	 -179.584	 -179.584
9.70703e+03	 -1079.86	 900.766	 0	 31680.9	 180.52	 -179.61	 -179.61	 -179.61
9.72656e+03	 -1079.87	 900.715	 0	 31680.9	 180.485	 -179.636	 -179.636	 -179.636
9.74609e+03	 -1079.88	 900.664	 0	 31680.8	 180.45	 -179.662	 -179.662	 -179.662
9.76562e+03	 -1079.89	 900.613	 0	 31680.7	 180.416	 -179.688	 -179.688	 -179.688
9.78516e+03	 -1079.9	 900.562	 0	 31680.7	 180.381	 -179.714	 -179.714	 -179.714
9.80469e+03	 -1079.91	 900.51	 0	 31680.6	 180.346	 -179.74	 -179.74	 -179.74
9.82422e+03	 -1079.92	 900.459	 0	 31680.6	 180.312	 -179.766	 -179.766	 -179.766
9.84375e+03	 -1079.93	 900.408	 0	 31680.5	 180.277	 -179.792	 -179.792	 -179.792
9.86328e+03	 -1079.93	 900.357	 0	 31680.4	 180.242	 -179.818	 -179.818	 -179.818
9.88281e+03	 -1079.94	 900.306	 0	 31680.4	 180.208	 -179.844	 -179.844	 -179.844
9.90234e+03	 -1079.95	 900.255	 0	 31680.3	 180.173	 -179.87	 -179.87	 -179.87
9.92188e+03	 -1079.96	 900.204	 0	 31680.2	 180.139	 -179.896	 -179.896	 -179.896
9.94141e+03	 -1079.97	 900.153	 0	 31680.2	 180.104	 -179.922	 -179.922	 -179.922
9.96094e+03	 -1079.98	 900.102	 0	 31680.1	 180.069	 -179.948	 -179.948	 -179.948
9.98047e+03	 -1079.99	 900.051	 0	 31680.1	 180.035	 -179.974	 -179.974	 -179.974
1.00000e+04	 -1080	 900	 0	 31680	 180	 -180	 -180	 -180
1.00195e+04	 -1080.01	 899.949	 0	 31679.9	 179.965	 -180.026	 -180.026	 -180.026
1.00391e+04	 -1080.02	 899.898	 0	 31679.9	 179.931	 -180.052	 -180.052	 -180.052
1.00586e+04	 -1080.03	 899.847	 0	 31679.8	 179.896	 -180.078	 -180.078	 -180.078
1.00781e+04	 -1080.04	 899.796	 0	 31679.8	 179.861	 -180.104	 -180.104	 -180.104
1.00977e+04	 -1080.05	 899.745	 0	 31679.7	 179.827	 -180.13	 -180.13	 -180.13
1.01172e+04	 -1080.06	 899.694	 0	 31679.6	 179.792	 -180.156	 -180.156	 -180.156
1.01367e+04	 -1080.07	 899.643	 0	 31679.6	 179.758	 -180.182	 -180.182	 -180.182
1.01562e+04	 -1080.07	 899.592	 0	 31679.5	 179.723	 -180.208	 -180.208	 -180.208
1.01758e+04	 -1080.08	 899.541	 0	 31679.4	 179.688	 -180.234	 -180.234	 -180.234
1.01953e+04	 -1080.09	 899.49	 0	 31679.4	 179.654	 -180.26	 -180.26	 -180.26
1.02148e+04	 -1080.1	 899.438	 0	 31679.3	 179.619	 -180.286	 -180.286	 -180.286
1.02344e+04	 -1080.11	 899.387	 0	 31679.3	 179.584	 -180.312	 -180.312	 -180.312
1.02539e+04	 -1080.12	 899.336	 0	 31679.2	 179.55	 -180.338	 -180.338	 -180.338
1.02734e+04	 -1080.13	 899.285	 0	 31679.1	 179.515	 -180.364	 -180.364	 -180.364
1.02930e+04	 -1080.14	 899.234	 0	 31679.1	 179.48	 -180.39	 -180.39	 -180.39
1.03125e+04	 -1080.15	 899.183	 0	 31679	 179.446	 -180.416	 -180.416	 -180.416
1.03320e+04	 -1080.16	 899.132	 0	 31678.9	 179.411	 -180.442	 -180.442	 -180.442
1.03516e+04	 -1080.17	 899.08	 0	 31678.9	 179.376	 -180.468	 -180.468	 -180.468
1.03711e+04	 -1080.18	 899.029	 0	 31678.8	 179.341	 -180.494	 -180.494	 -180.494
1.03906e+04	 -1080.19	 898.978	 0	 31678.8	 179.307	 -180.52	 -180.52	 -180.52
1.04102e+04	 -1080.2	 898.927	 0	 31678.7	 179.272	 -180.546	 -180.546	 -180.546
1.04297e+04	 -1080.21	 898.876	 0	 31678.6	 179.237	 -180.572	 -180.572	 -180.572
1.04492e+04	 -1080.22	 898.824	 0	 31678.6	 179.202	 -180.598	 -180.598	 -180.598
1.04688e+04	 -1080.22	 898.773	 0	 31678.5	 179.168	 -180.624	 -180.624	 -180.624
1.04883e+04	 -1080.23	 898.722	 0	 31678.4	 179.133	 -180.65	 -180.65	 -180.65
1.05078e+04	 -1080.24	 898.67	 0	 31678.4	 179.098	 -180.676	 -180.676	 -180.676
1.05273e+04	 -1080.25	 898.619	 0	 31678.3	 179.063	 -180.703	 -180.703	 -180.703
1.05469e+04	 -1080.26	 898.568	 0	 31678.3	 179.028	 -180.729	 -180.729	 -180.729
1.05664e+04	 -1080.27	 898.516	 0	 31678.2	 178.993	 -180.755	 -180.755	 -180.755
1.05859e+04	 -1080.28	 898.465	 0	 31678.1	 178.958	 -180.781	 -180.781	 -180.781
1.06055e+04	 -1080.29	 898.413	 0	 31678.1	 178.923	 -180.807	 -180.807	 -180.807
1.06250e+04	 -1080.3	 898.362	 0	 31678	 178.889	 -180.833	 -180.833	 -180.833
1.06445e+04	 -1080.31	 898.31	 0	 31677.9	 178.854	 -180.86	 -180.86	 -180.86
1.06641e+04	 -1080.32	 898.259	 0	 31677.9	 178.819	 -180.886	 -180.886	 -180.886
1.06836e+04	 -1080.33	 898.207	 0	 31677.8	 178.784	 -180.912	 -180.912	 -180.912
1.07031e+04	 -1080.34	 898.155	 0	 31677.8	 178.749	 -180.938	 -180.938	 -180.938
1.07227e+04	 -1080.35	 898.104	 0	 31677.7	 178.714	 -180.965	 -180.965	 -180.965
1.07422e+04	 -1080.36	 898.052	 0	 31677.6	 178.678	 -180.991	 -180.991	 -180.991
1.07617e+04	 -1080.37	 898	 0	 31677.6	 178.643	 -181.017	 -181.017	 -181.017
1.07812e+04	 -1080.38	 897.949	 0	 31677.5	 178.608	 -181.044	 -181.044	 -181.044
1.08008e+04	 -1080.39	 897.897	 0	 31677.4	 178.573	 -181.07	 -181.07	 -181.07
1.08203e+04	 -1080.39	 897.845	 0	 31677.4	 178.538	 -181.097	 -181.097	 -181.097
1.08398e+04	 -1080.4	 897.793	 0	 31677.3	 178.503	 -181.123	 -181.123	 -181.123
1.08594e+04	 -1080.41	 897.741	 0	 31677.3	 178.468	 -181.149	 -181.149	 -181.149
1.08789e+04	 -1080.42	 897.689	 0	 31677.2	 178.432	 -181.176	 -181.176	 -181.176
1.08984e+04	 -1080.43	 897.637	 0	 31677.1	 178.397	 -181.202	 -181.202	 -181.202
1.09180e+04	 -1080.44	 897.585	 0	 31677.1	 178.362	 -181.228	 -181.228	 -181.228
1.09375e+04	 -1080.45	 897.533	 0	 31677	 178.326	 -181.255	 -181.255	 -181.255
1.09570e+04	 -1080.46	 897.481	 0	 31676.9	 178.291	 -181.282	 -181.282	 -181.282
1.09766e+04	 -1080.47	 897.429	 0	 31676.9	 178.256	 -181.308	 -181.308	 -181.308
1.09961e+04	 -1080.48	 897.376	 0	 31676.8	 178.22	 -181.335	 -181.335	 -181.335
1.10156e+04	 -1080.49	 897.324	 0	 31676.7	 178.184	 -181.361	 -181.361	 -181.361
1.10352e+04	 -1080.5	 897.272	 0	 31676.7	 178.15	 -181.387	 -181.387	 -181.387
1.10547e+04	 -1080.51	 897.219	 0	 31676.6	 178.113	 -181.415	 -181.415	 -181.415
1.10742e+04	 -1080.52	 897.166	 0	 31676.6	 178.077	 -181.442	 -181.442	 -181.442
1.10938e+04	 -1080.53	 897.115	 0	 31676.5	 178.043	 -181.467	 -181.467	 -181.467
1.11133e+04	 -1080.54	 897.061	 0	 31676.4	 178.006	 -181.495	 -181.495	 -181.495
1.11328e+04	 -1080.55	 897.008	 0	 31676.4	 177.97	 -181.522	 -181.522	 -181.522
1.11523e+04	 -1080.56	 896.958	 0	 31676.3	 177.937	 -181.547	 -181.547	 -181.547
1.11719e+04	 -1080.57	 896.903	 0	 31676.2	 177.899	 -181.575	 -181.575	 -181.575
1.11914e+04	 -1080.58	 896.849	 0	 31676.2	 177.862	 -181.604	 -181.604	 -181.604
1.12109e+04	 -1080.59	 896.8	 0	 31676.1	 177.83	 -181.627	 -181.627	 -181.627
1.12305e+04	 -1080.6	 896.745	 0	 31676	 177.792	 -181.656	 -181.656	 -181.656
1.12500e+04	 -1080.6	 896.69	 0	 31676	 177.753	 -181.685	 -181.685	 -181.685
1.12695e+04	 -1080.62	 896.641	 0	 31675.9	 177.722	 -181.707	 -181.707	 -181.707
1.12891e+04	 -1080.63	 896.587	 0	 31675.8	 177.685	 -181.736	 -181.736	 -181.736
1.13086e+04	 -1080.63	 896.529	 0	 31675.8	 177.644	 -181.768	 -181.768	 -181.768
1.13281e+04	 -1080.65	 896.482	 0	 31675.7	 177.614	 -181.788	 -181.788	 -181.788
1.13477e+04	 -1080.66	 896.428	 0	 31675.7	 177.578	 -181.816	 -181.816	 -181.816
1.13672e+04	 -1080.66	 896.368	 0	 31675.6	 177.534	 -181.851	 -181.851	 -181.851
1.13867e+04	 -1080.68	 896.322	 0	 31675.5	 177.506	 -181.869	 -181.869	 -181.869
1.14062e+04	 -1080.69	 896.27	 0	 31675.5	 177.471	 -181.895	 -181.895	 -181.895
1.14258e+04	 -1080.69	 896.206	 0	 31675.4	 177.423	 -181.934	 -181.934	 -181.934
1.14453e+04	 -1080.71	 896.16	 0	 31675.3	 177.396	 -181.952	 -181.952	 -181.952
1.14648e+04	 -1080.72	 896.111	 0	 31675.3	 177.364	 -181.974	 -181.974	 -181.974
1.14844e+04	 -1080.72	 896.043	 0	 31675.2	 177.313	 -182.017	 -182.017	 -182.017
1.15039e+04	 -1080.73	 895.997	 0	 31675.1	 177.285	 -182.036	 -182.036	 -182.036
1.15234e+04	 -1080.75	 895.953	 0	 31675.1	 177.258	 -182.053	 -182.053	 -182.053
1.15430e+04	 -1080.75	 895.88	 0	 31675	 177.202	 -182.101	 -182.101	 -182.101
1.15625e+04	 -1080.76	 895.832	 0	 31674.9	 177.172	 -182.121	 -182.121	 -182.121
1.15820e+04	 -1080.78	 895.794	 0	 31674.9	 177.152	 -182.132	 -182.132	 -182.132
1.16016e+04	 -1080.78	 895.718	 0	 31674.8	 177.091	 -182.183	 -182.183	 -182.183
1.16211e+04	 -1080.79	 895.666	 0	 31674.7	 177.057	 -182.208	 -182.208	 -182.208
1.16406e+04	 -1080.82	 895.634	 0	 31674.7	 177.045	 -182.211	 -182.211	 -182.211
1.16602e+04	 -1080.81	 895.556	 0	 31674.6	 176.982	 -182.265	 -182.265	 -182.265
1.16797e+04	 -1080.82	 895.497	 0	 31674.5	 176.941	 -182.297	 -182.297	 -182.297
1.16992e+04	 -1080.85	 895.474	 0	 31674.5	 176.937	 -182.29	 -182.29	 -182.29
1.17188e+04	 -1080.84	 895.394	 0	 31674.4	 176.873	 -182.346	 -182.346	 -182.346
1.17383e+04	 -1080.84	 895.326	 0	 31674.3	 176.822	 -182.388	 -182.388	 -182.388
1.17578e+04	 -1080.88	 895.311	 0	 31674.3	 176.828	 -182.371	 -182.371	 -182.371
1.17773e+04	 -1080.87	 895.234	 0	 31674.2	 176.767	 -182.424	 -182.424	 -182.424
1.17969e+04	 -1080.87	 895.154	 0	 31674.1	 176.703	 -182.479	 -182.479	 -182.479
1.18164e+04	 -1080.91	 895.147	 0	 31674.1	 176.717	 -182.454	 -182.454	 -182.454
1.18359e+04	 -1080.91	 895.075	 0	 31674	 176.662	 -182.501	 -182.501	 -182.501
1.18555e+04	 -1080.89	 894.981	 0	 31673.9	 176.582	 -182.572	 -182.572	 -182.572
1.18750e+04	 -1080.94	 894.979	 0	 31673.9	 176.603	 -182.54	 -182.54	 -182.54
1.18945e+04	 -1080.95	 894.917	 0	 31673.8	 176.558	 -182.576	 -182.576	 -182.576
1.19141e+04	 -1080.92	 894.807	 0	 31673.7	 176.462	 -182.664	 -182.664	 -182.664
1.19336e+04	 -1080.97	 894.808	 0	 31673.7	 176.485	 -182.629	 -182.629	 -182.629
1.19531e+04	 -1080.98	 894.76	 0	 31673.6	 176.456	 -182.649	 -182.649	 -182.649
1.19727e+04	 -1080.95	 894.634	 0	 31673.5	 176.343	 -182.755	 -182.755	 -182.755
1.19922e+04	 -1080.99	 894.632	 0	 31673.5	 176.363	 -182.723	 -182.723	 -182.723
1.20117e+04	 -1081.02	 894.603	 0	 31673.4	 176.354	 -182.722	 -182.722	 -182.722
1.20312e+04	 -1080.97	 894.463	 0	 31673.3	 176.225	 -182.843	 -182.843	 -182.843
1.20508e+04	 -1081.02	 894.452	 0	 31673.3	 176.237	 -182.82	 -182.82	 -182.82
1.20703e+04	 -1081.06	 894.446	 0	 31673.2	 176.252	 -182.795	 -182.795	 -182.795
1.20898e+04	 -1081.01	 894.294	 0	 31673.1	 176.111	 -182.929	 -182.929	 -182.929
1.21094e+04	 -1081.04	 894.269	 0	 31673.1	 176.108	 -182.921	 -182.921	 -182.921
1.21289e+04	 -1081.1	 894.286	 0	 31673	 176.147	 -182.87	 -182.87	 -182.87
1.21484e+04	 -1081.04	 894.128	 0	 31672.9	 176	 -183.011	 -183.011	 -183.011
1.21680e+04	 -1081.06	 894.082	 0	 31672.8	 175.975	 -183.025	 -183.025	 -183.025
1.21875e+04	 -1081.14	 894.122	 0	 31672.8	 176.04	 -182.948	 -182.948	 -182.948
1.22070e+04	 -1081.08	 893.965	 0	 31672.7	 175.893	 -183.088	 -183.088	 -183.088
1.22266e+04	 -1081.08	 893.892	 0	 31672.6	 175.84	 -183.131	 -183.131	 -183.131
1.22461e+04	 -1081.17	 893.955	 0	 31672.6	 175.929	 -183.03	 -183.03	 -183.03
1.22656e+04	 -1081.12	 893.805	 0	 31672.5	 175.79	 -183.162	 -183.162	 -183.162
1.22852e+04	 -1081.1	 893.702	 0	 31672.4	 175.704	 -183.238	 -183.238	 -183.238
1.23047e+04	 -1081.21	 893.781	 0	 31672.3	 175.811	 -183.117	 -183.117	 -183.117
1.23242e+04	 -1081.16	 893.648	 0	 31672.3	 175.69	 -183.231	 -183.231	 -183.231
1.23438e+04	 -1081.12	 893.511	 0	 31672.2	 175.568	 -183.345	 -183.345	 -183.345
1.23633e+04	 -1081.24	 893.601	 0	 31672.1	 175.688	 -183.211	 -183.211	 -183.211
1.23828e+04	 -1081.21	 893.493	 0	 31672.1	 175.593	 -183.298	 -183.298	 -183.298
1.24023e+04	 -1081.14	 893.323	 0	 31672	 175.435	 -183.448	 -183.448	 -183.448
1.24219e+04	 -1081.26	 893.415	 0	 31671.9	 175.558	 -183.311	 -183.311	 -183.311
1.24414e+04	 -1081.26	 893.338	 0	 31671.8	 175.497	 -183.364	 -183.364	 -183.364
1.24609e+04	 -1081.17	 893.137	 0	 31671.8	 175.306	 -183.548	 -183.548	 -183.548
1.24805e+04	 -1081.28	 893.222	 0	 31671.7	 175.421	 -183.418	 -183.418	 -183.418
1.25000e+04	 -1081.31	 893.182	 0	 31671.6	 175.4	 -183.43	 -183.43	 -183.43
1.25195e+04	 -1081.2	 892.955	 0	 31671.6	 175.181	 -183.643	 -183.643	 -183.643
1.25391e+04	 -1081.3	 893.023	 0	 31671.5	 175.278	 -183.53	 -183.53	 -183.53
1.25586e+04	 -1081.35	 893.024	 0	 31671.4	 175.301	 -183.498	 -183.498	 -183.498
1.25781e+04	 -1081.24	 892.778	 0	 31671.3	 175.062	 -183.732	 -183.732	 -183.732
1.25977e+04	 -1081.32	 892.818	 0	 31671.3	 175.131	 -183.648	 -183.648	 -183.648
1.26172e+04	 -1081.4	 892.861	 0	 31671.2	 175.197	 -183.57	 -183.57	 -183.57
1.26367e+04	 -1081.28	 892.606	 0	 31671.1	 174.948	 -183.814	 -183.814	 -183.814
1.26562e+04	 -1081.33	 892.61	 0	 31671.1	 174.98	 -183.769	 -183.769	 -183.769
1.26758e+04	 -1081.44	 892.691	 0	 31671	 175.088	 -183.647	 -183.647	 -183.647
1.26953e+04	 -1081.32	 892.439	 0	 31670.9	 174.841	 -183.891	 -183.891	 -183.891
1.27148e+04	 -1081.35	 892.401	 0	 31670.8	 174.827	 -183.891	 -183.891	 -183.891
1.27344e+04	 -1081.48	 892.515	 0	 31670.7	 174.972	 -183.731	 -183.731	 -183.731
1.27539e+04	 -1081.37	 892.276	 0	 31670.7	 174.738	 -183.961	 -183.961	 -183.961
1.27734e+04	 -1081.36	 892.19	 0	 31670.6	 174.674	 -184.013	 -184.013	 -184.013
1.27930e+04	 -1081.52	 892.331	 0	 31670.5	 174.848	 -183.824	 -183.824	 -183.824
1.28125e+04	 -1081.42	 892.115	 0	 31670.4	 174.639	 -184.028	 -184.028	 -184.028
1.28320e+04	 -1081.38	 891.981	 0	 31670.4	 174.523	 -184.133	 -184.133	 -184.133
1.28516e+04	 -1081.55	 892.138	 0	 31670.3	 174.715	 -183.924	 -183.924	 -183.924
1.28711e+04	 -1081.47	 891.957	 0	 31670.2	 174.542	 -184.092	 -184.092	 -184.092
1.28906e+04	 -1081.4	 891.775	 0	 31670.2	 174.375	 -184.25	 -184.25	 -184.25
1.29102e+04	 -1081.57	 891.937	 0	 31670.1	 174.574	 -184.033	 -184.033	 -184.033
1.29297e+04	 -1081.53	 891.798	 0	 31670	 174.447	 -184.155	 -184.155	 -184.155
1.29492e+04	 -1081.43	 891.572	 0	 31669.9	 174.233	 -184.361	 -184.361	 -184.361
1.29688e+04	 -1081.59	 891.727	 0	 31669.8	 174.425	 -184.15	 -184.15	 -184.15
1.29883e+04	 -1081.59	 891.637	 0	 31669.7	 174.349	 -184.219	 -184.219	 -184.219
1.30078e+04	 -1081.46	 891.375	 0	 31669.7	 174.096	 -184.466	 -184.466	 -184.466
1.30273e+04	 -1081.61	 891.511	 0	 31669.6	 174.269	 -184.274	 -184.274	 -184.274
1.30469e+04	 -1081.64	 891.472	 0	 31669.5	 174.249	 -184.285	 -184.285	 -184.285
1.30664e+04	 -1081.5	 891.183	 0	 31669.5	 173.965	 -184.563	 -184.563	 -184.563
1.30859e+04	 -1081.63	 891.288	 0	 31669.4	 174.107	 -184.403	 -184.403	 -184.403
1.31055e+04	 -1081.69	 891.303	 0	 31669.3	 174.144	 -184.356	 -184.356	 -184.356
1.31250e+04	 -1081.54	 890.996	 0	 31669.2	 173.841	 -184.654	 -184.654	 -184.654
1.31445e+04	 -1081.64	 891.061	 0	 31669.1	 173.941	 -184.537	 -184.537	 -184.537
1.31641e+04	 -1081.74	 891.126	 0	 31669	 174.032	 -184.433	 -184.433	 -184.433
1.31836e+04	 -1081.58	 890.814	 0	 31669	 173.724	 -184.738	 -184.738	 -184.738
1.32031e+04	 -1081.66	 890.831	 0	 31668.9	 173.772	 -184.673	 -184.673	 -184.673
1.32227e+04	 -1081.79	 890.941	 0	 31668.8	 173.913	 -184.518	 -184.518	 -184.518
1.32422e+04	 -1081.63	 890.637	 0	 31668.7	 173.612	 -184.816	 -184.816	 -184.816
1.32617e+04	 -1081.67	 890.6	 0	 31668.7	 173.603	 -184.81	 -184.81	 -184.81
1.32812e+04	 -1081.83	 890.748	 0	 31668.6	 173.785	 -184.611	 -184.611	 -184.611
1.33008e+04	 -1081.69	 890.463	 0	 31668.5	 173.504	 -184.889	 -184.889	 -184.889
1.33203e+04	 -1081.69	 890.369	 0	 31668.4	 173.434	 -184.945	 -184.945	 -184.945
1.33398e+04	 -1081.87	 890.545	 0	 31668.3	 173.648	 -184.713	 -184.713	 -184.713
1.33594e+04	 -1081.75	 890.292	 0	 31668.2	 173.4	 -184.958	 -184.958	 -184.958
1.33789e+04	 -1081.7	 890.139	 0	 31668.2	 173.267	 -185.078	 -185.078	 -185.078
1.33984e+04	 -1081.9	 890.333	 0	 31668.1	 173.502	 -184.825	 -184.825	 -184.825
1.34180e+04	 -1081.81	 890.121	 0	 31668	 173.298	 -185.024	 -185.024	 -185.024
1.34375e+04	 -1081.73	 889.911	 0	 31667.9	 173.104	 -185.207	 -185.207	 -185.207
1.34570e+04	 -1081.93	 890.111	 0	 31667.8	 173.346	 -184.945	 -184.945	 -184.945
1.34766e+04	 -1081.87	 889.95	 0	 31667.7	 173.196	 -185.09	 -185.09	 -185.09
1.34961e+04	 -1081.75	 889.688	 0	 31667.7	 172.946	 -185.331	 -185.331	 -185.331
1.35156e+04	 -1081.95	 889.88	 0	 31667.6	 173.181	 -185.074	 -185.074	 -185.074
1.35352e+04	 -1081.94	 889.777	 0	 31667.5	 173.093	 -185.156	 -185.156	 -185.156
1.35547e+04	 -1081.78	 889.469	 0	 31667.4	 172.793	 -185.448	 -185.448	 -185.448
1.35742e+04	 -1081.97	 889.64	 0	 31667.3	 173.008	 -185.212	 -185.212	 -185.212
1.35938e+04	 -1082	 889.6	 0	 31667.2	 172.987	 -185.224	 -185.224	 -185.224
1.36133e+04	 -1081.82	 889.256	 0	 31667.2	 172.648	 -185.558	 -185.558	 -185.558
1.36328e+04	 -1081.98	 889.393	 0	 31667.1	 172.828	 -185.357	 -185.357	 -185.357
1.36523e+04	 -1082.06	 889.417	 0	 31666.9	 172.876	 -185.297	 -185.297	 -185.297
1.36719e+04	 -1081.87	 889.048	 0	 31666.9	 172.509	 -185.66	 -185.66	 -185.66
1.36914e+04	 -1082	 889.139	 0	 31666.8	 172.64	 -185.508	 -185.508	 -185.508
1.37109e+04	 -1082.12	 889.227	 0	 31666.7	 172.758	 -185.377	 -185.377	 -185.377
1.37305e+04	 -1081.92	 888.847	 0	 31666.6	 172.379	 -185.753	 -185.753	 -185.753
1.37500e+04	 -1082.01	 888.879	 0	 31666.6	 172.449	 -185.663	 -185.663	 -185.663
1.37695e+04	 -1082.17	 889.027	 0	 31666.4	 172.632	 -185.465	 -185.465	 -185.465
1.37891e+04	 -1081.97	 888.652	 0	 31666.3	 172.256	 -185.839	 -185.839	 -185.839
1.38086e+04	 -1082.02	 888.617	 0	 31666.3	 172.254	 -185.821	 -185.821	 -185.821
1.38281e+04	 -1082.22	 888.817	 0	 31666.2	 172.495	 -185.563	 -185.563	 -185.563
1.38477e+04	 -1082.04	 888.462	 0	 31666.1	 172.14	 -185.916	 -185.916	 -185.916
1.38672e+04	 -1082.03	 888.354	 0	 31666	 172.06	 -185.979	 -185.979	 -185.979
1.38867e+04	 -1082.27	 888.595	 0	 31665.9	 172.346	 -185.673	 -185.673	 -185.673
1.39062e+04	 -1082.11	 888.276	 0	 31665.8	 172.029	 -185.988	 -185.988	 -185.988
1.39258e+04	 -1082.05	 888.09	 0	 31665.8	 171.866	 -186.135	 -186.135	 -186.135
1.39453e+04	 -1082.31	 888.36	 0	 31665.6	 172.185	 -185.794	 -185.794	 -185.794
1.39648e+04	 -1082.18	 888.093	 0	 31665.5	 171.922	 -186.055	 -186.055	 -186.055
1.39844e+04	 -1082.06	 887.827	 0	 31665.5	 171.674	 -186.289	 -186.289	 -186.289
1.40039e+04	 -1082.34	 888.114	 0	 31665.4	 172.014	 -185.926	 -185.926	 -185.926
1.40234e+04	 -1082.26	 887.912	 0	 31665.2	 171.818	 -186.117	 -186.117	 -186.117
1.40430e+04	 -1082.09	 887.567	 0	 31665.2	 171.486	 -186.439	 -186.439	 -186.439
1.40625e+04	 -1082.36	 887.854	 0	 31665.1	 171.829	 -186.07	 -186.07	 -186.07
1.40820e+04	 -1082.34	 887.729	 0	 31664.9	 171.716	 -186.178	 -186.178	 -186.178
1.41016e+04	 -1082.12	 887.314	 0	 31664.9	 171.306	 -186.581	 -186.581	 -186.581
1.41211e+04	 -1082.38	 887.58	 0	 31664.8	 171.63	 -186.229	 -186.229	 -186.229
1.41406e+04	 -1082.42	 887.543	 0	 31664.6	 171.611	 -186.241	 -186.241	 -186.241
1.41602e+04	 -1082.16	 887.07	 0	 31664.6	 171.137	 -186.709	 -186.709	 -186.709
1.41797e+04	 -1082.39	 887.293	 0	 31664.5	 171.417	 -186.402	 -186.402	 -186.402
1.41992e+04	 -1082.5	 887.35	 0	 31664.3	 171.499	 -186.309	 -186.309	 -186.309
1.42188e+04	 -1082.21	 886.836	 0	 31664.3	 170.981	 -186.825	 -186.825	 -186.825
1.42383e+04	 -1082.4	 886.995	 0	 31664.2	 171.193	 -186.585	 -186.585	 -186.585
1.42578e+04	 -1082.57	 887.146	 0	 31664.1	 171.379	 -186.386	 -186.386	 -186.386
1.42773e+04	 -1082.26	 886.613	 0	 31664	 170.837	 -186.927	 -186.927	 -186.927
1.42969e+04	 -1082.4	 886.687	 0	 31664	 170.962	 -186.776	 -186.776	 -186.776
1.43164e+04	 -1082.64	 886.931	 0	 31663.8	 171.247	 -186.473	 -186.473	 -186.473
1.43359e+04	 -1082.33	 886.398	 0	 31663.7	 170.704	 -187.017	 -187.017	 -187.017
1.43555e+04	 -1082.4	 886.374	 0	 31663.7	 170.725	 -186.972	 -186.972	 -186.972
1.43750e+04	 -1082.7	 886.701	 0	 31663.5	 171.102	 -186.573	 -186.573	 -186.573
1.43945e+04	 -1082.41	 886.193	 0	 31663.4	 170.582	 -187.096	 -187.096	 -187.096
1.44141e+04	 -1082.4	 886.058	 0	 31663.4	 170.485	 -187.17	 -187.17	 -187.17
1.44336e+04	 -1082.76	 886.455	 0	 31663.2	 170.941	 -186.689	 -186.689	 -186.689
1.44531e+04	 -1082.5	 885.995	 0	 31663	 170.47	 -187.163	 -187.163	 -187.163
1.44727e+04	 -1082.41	 885.74	 0	 31663	 170.245	 -187.368	 -187.368	 -187.368
1.44922e+04	 -1082.8	 886.189	 0	 31662.9	 170.761	 -186.823	 -186.823	 -186.823
1.45117e+04	 -1082.6	 885.804	 0	 31662.7	 170.367	 -187.22	 -187.22	 -187.22
1.45312e+04	 -1082.42	 885.426	 0	 31662.7	 170.01	 -187.561	 -187.561	 -187.561
1.45508e+04	 -1082.83	 885.903	 0	 31662.6	 170.559	 -186.979	 -186.979	 -186.979
1.45703e+04	 -1082.7	 885.616	 0	 31662.4	 170.27	 -187.269	 -187.269	 -187.269
1.45898e+04	 -1082.44	 885.12	 0	 31662.4	 169.784	 -187.744	 -187.744	 -187.744
1.46094e+04	 -1082.85	 885.594	 0	 31662.3	 170.336	 -187.156	 -187.156	 -187.156
1.46289e+04	 -1082.81	 885.427	 0	 31662	 170.175	 -187.316	 -187.316	 -187.316
1.46484e+04	 -1082.46	 884.824	 0	 31662.1	 169.571	 -187.913	 -187.913	 -187.913
1.46680e+04	 -1082.86	 885.265	 0	 31662	 170.092	 -187.353	 -187.353	 -187.353
1.46875e+04	 -1082.91	 885.234	 0	 31661.7	 170.077	 -187.365	 -187.365	 -187.365
1.47070e+04	 -1082.51	 884.541	 0	 31661.7	 169.374	 -188.065	 -188.065	 -188.065
1.47266e+04	 -1082.86	 884.917	 0	 31661.6	 169.829	 -187.57	 -187.57	 -187.57
1.47461e+04	 -1083.02	 885.032	 0	 31661.4	 169.971	 -187.42	 -187.42	 -187.42
1.47656e+04	 -1082.56	 884.273	 0	 31661.4	 169.194	 -188.198	 -188.198	 -188.198
1.47852e+04	 -1082.85	 884.552	 0	 31661.3	 169.55	 -187.803	 -187.803	 -187.803
1.48047e+04	 -1083.12	 884.816	 0	 31661.1	 169.853	 -187.486	 -187.486	 -187.486
1.48242e+04	 -1082.63	 884.02	 0	 31661	 169.032	 -188.312	 -188.312	 -188.312
1.48438e+04	 -1082.84	 884.174	 0	 31661	 169.257	 -188.049	 -188.049	 -188.049
1.48633e+04	 -1083.21	 884.583	 0	 31660.7	 169.718	 -187.568	 -187.568	 -187.568
1.48828e+04	 -1082.72	 883.783	 0	 31660.6	 168.89	 -188.406	 -188.406	 -188.406
1.49023e+04	 -1082.82	 883.786	 0	 31660.7	 168.955	 -188.304	 -188.304	 -188.304
1.49219e+04	 -1083.29	 884.328	 0	 31660.4	 169.564	 -187.669	 -187.669	 -187.669
1.49414e+04	 -1082.82	 883.562	 0	 31660.2	 168.766	 -188.479	 -188.479	 -188.479
1.49609e+04	 -1082.81	 883.391	 0	 31660.3	 168.648	 -188.564	 -188.564	 -188.564
1.49805e+04	 -1083.35	 884.047	 0	 31660.1	 169.384	 -187.794	 -187.794	 -187.794
1.50000e+04	 -1082.94	 883.355	 0	 31659.9	 168.66	 -188.532	 -188.532	 -188.532
1.50195e+04	 -1082.79	 882.995	 0	 31659.9	 168.34	 -188.824	 -188.824	 -188.824
1.50391e+04	 -1083.41	 883.738	 0	 31659.7	 169.177	 -187.947	 -187.947	 -187.947
1.50586e+04	 -1083.07	 883.16	 0	 31659.5	 168.569	 -188.568	 -188.568	 -188.568
1.50781e+04	 -1082.79	 882.603	 0	 31659.6	 168.037	 -189.079	 -189.079	 -189.079
1.50977e+04	 -1083.44	 883.398	 0	 31659.4	 168.938	 -188.131	 -188.131	 -188.131
1.51172e+04	 -1083.22	 882.973	 0	 31659.1	 168.491	 -188.591	 -188.591	 -188.591
1.51367e+04	 -1082.79	 882.22	 0	 31659.2	 167.745	 -189.322	 -189.322	 -189.322
1.51562e+04	 -1083.46	 883.024	 0	 31659	 168.666	 -188.348	 -188.348	 -188.348
1.51758e+04	 -1083.37	 882.789	 0	 31658.7	 168.42	 -188.604	 -188.604	 -188.604
1.51953e+04	 -1082.81	 881.851	 0	 31658.8	 167.47	 -189.546	 -189.546	 -189.546
1.52148e+04	 -1083.46	 882.617	 0	 31658.7	 168.359	 -188.599	 -188.599	 -188.599
1.52344e+04	 -1083.53	 882.604	 0	 31658.3	 168.35	 -188.613	 -188.613	 -188.613
1.52539e+04	 -1082.84	 881.502	 0	 31658.3	 167.218	 -189.747	 -189.747	 -189.747
1.52734e+04	 -1083.44	 882.178	 0	 31658.3	 168.019	 -188.884	 -188.884	 -188.884
1.52930e+04	 -1083.69	 882.41	 0	 31657.9	 168.275	 -188.626	 -188.626	 -188.626
1.53125e+04	 -1082.89	 881.176	 0	 31657.9	 166.994	 -189.918	 -189.918	 -189.918
1.53320e+04	 -1083.4	 881.707	 0	 31658	 167.646	 -189.201	 -189.201	 -189.201
1.53516e+04	 -1083.84	 882.201	 0	 31657.5	 168.188	 -188.65	 -188.65	 -188.65
1.53711e+04	 -1082.98	 880.878	 0	 31657.5	 166.802	 -190.055	 -190.055	 -190.055
1.53906e+04	 -1083.35	 881.207	 0	 31657.6	 167.245	 -189.547	 -189.547	 -189.547
1.54102e+04	 -1083.99	 881.971	 0	 31657.1	 168.08	 -188.691	 -188.691	 -188.691
1.54297e+04	 -1083.09	 880.61	 0	 31657	 166.645	 -190.154	 -190.154	 -190.154
1.54492e+04	 -1083.28	 880.681	 0	 31657.2	 166.818	 -189.92	 -189.92	 -189.92
1.54688e+04	 -1084.11	 881.712	 0	 31656.8	 167.947	 -188.757	 -188.757	 -188.757
1.54883e+04	 -1083.24	 880.376	 0	 31656.5	 166.527	 -190.213	 -190.213	 -190.213
1.55078e+04	 -1083.21	 880.134	 0	 31656.8	 166.369	 -190.314	 -190.314	 -190.314
1.55273e+04	 -1084.21	 881.415	 0	 31656.4	 167.779	 -188.857	 -188.857	 -188.857
1.55469e+04	 -1083.42	 880.178	 0	 31656	 166.45	 -190.227	 -190.227	 -190.227
1.55664e+04	 -1083.13	 879.577	 0	 31656.4	 165.909	 -190.72	 -190.72	 -190.72
1.55859e+04	 -1084.28	 881.065	 0	 31656	 167.558	 -189.008	 -189.008	 -189.008
1.56055e+04	 -1083.63	 880.015	 0	 31655.6	 166.417	 -190.195	 -190.195	 -190.195
1.56250e+04	 -1083.07	 879.026	 0	 31655.9	 165.457	 -191.118	 -191.118	 -191.118
