#			Filt_FIR					< filtFIRMoore.par



#	!Warning. This process module may change rapidly with 

#	 consequent changes to the shape of the parameter file!



#	Applies a FIR filter using the coefficients supplied.



#  	At present the sample rate must be the same as the rate

# 	 used to develop the filter.  This is a system weakness 

#    and will be rectified when we work out how best to do it.

#	For this file the sample rate is 50 kHz (dt=2e-5s).



off			 \off\ \on\ diagnostics mode

user		 \user\  ?



-1			 Number of filter taps. specify or 

			#'-1' means read to end of file



1025			? for future use Bands/Frequencies (Hz)



# We are exploring the best way to represent the FIR filter.

# At present the centre column is the set of filter coefficients.



# Band parameters:

# Band Centre	Desired Resp.	Weights

#	(Hz)		  (Units.)		 (>0)

# -----------	-------------	-------

0.0	-0.00000242	0.0

0.0	-0.00000276	0.0

0.0	-0.00000295	0.0

0.0	-0.00000273	0.0

0.0	-0.00000262	0.0

0.0	-0.00000279	0.0

0.0	-0.00000315	0.0

0.0	-0.00000350	0.0

0.0	-0.00000363	0.0

0.0	-0.00000347	0.0

0.0	-0.00000340	0.0

0.0	-0.00000348	0.0

0.0	-0.00000357	0.0

0.0	-0.00000372	0.0

0.0	-0.00000406	0.0

0.0	-0.00000423	0.0

0.0	-0.00000406	0.0

0.0	-0.00000383	0.0

0.0	-0.00000399	0.0

0.0	-0.00000427	0.0

0.0	-0.00000438	0.0

0.0	-0.00000429	0.0

0.0	-0.00000412	0.0

0.0	-0.00000393	0.0

0.0	-0.00000390	0.0

0.0	-0.00000393	0.0

0.0	-0.00000395	0.0

0.0	-0.00000391	0.0

0.0	-0.00000374	0.0

0.0	-0.00000332	0.0

0.0	-0.00000302	0.0

0.0	-0.00000294	0.0

0.0	-0.00000294	0.0

0.0	-0.00000289	0.0

0.0	-0.00000289	0.0

0.0	-0.00000285	0.0

0.0	-0.00000283	0.0

0.0	-0.00000279	0.0

0.0	-0.00000282	0.0

0.0	-0.00000287	0.0

0.0	-0.00000296	0.0

0.0	-0.00000303	0.0

0.0	-0.00000314	0.0

0.0	-0.00000327	0.0

0.0	-0.00000360	0.0

0.0	-0.00000406	0.0

0.0	-0.00000434	0.0

0.0	-0.00000433	0.0

0.0	-0.00000447	0.0

0.0	-0.00000478	0.0

0.0	-0.00000514	0.0

0.0	-0.00000534	0.0

0.0	-0.00000530	0.0

0.0	-0.00000519	0.0

0.0	-0.00000546	0.0

0.0	-0.00000578	0.0

0.0	-0.00000598	0.0

0.0	-0.00000622	0.0

0.0	-0.00000649	0.0

0.0	-0.00000644	0.0

0.0	-0.00000628	0.0

0.0	-0.00000608	0.0

0.0	-0.00000601	0.0

0.0	-0.00000602	0.0

0.0	-0.00000585	0.0

0.0	-0.00000552	0.0

0.0	-0.00000559	0.0

0.0	-0.00000580	0.0

0.0	-0.00000571	0.0

0.0	-0.00000527	0.0

0.0	-0.00000486	0.0

0.0	-0.00000446	0.0

0.0	-0.00000411	0.0

0.0	-0.00000388	0.0

0.0	-0.00000422	0.0

0.0	-0.00000492	0.0

0.0	-0.00000514	0.0

0.0	-0.00000461	0.0

0.0	-0.00000420	0.0

0.0	-0.00000421	0.0

0.0	-0.00000461	0.0

0.0	-0.00000499	0.0

0.0	-0.00000501	0.0

0.0	-0.00000479	0.0

0.0	-0.00000481	0.0

0.0	-0.00000485	0.0

0.0	-0.00000512	0.0

0.0	-0.00000575	0.0

0.0	-0.00000645	0.0

0.0	-0.00000667	0.0

0.0	-0.00000657	0.0

0.0	-0.00000629	0.0

0.0	-0.00000671	0.0

0.0	-0.00000795	0.0

0.0	-0.00000903	0.0

0.0	-0.00000929	0.0

0.0	-0.00000944	0.0

0.0	-0.00000969	0.0

0.0	-0.00001026	0.0

0.0	-0.00001104	0.0

0.0	-0.00001167	0.0

0.0	-0.00001178	0.0

0.0	-0.00001171	0.0

0.0	-0.00001111	0.0

0.0	-0.00001009	0.0

0.0	-0.00000960	0.0

0.0	-0.00001025	0.0

0.0	-0.00001054	0.0

0.0	-0.00000947	0.0

0.0	-0.00000787	0.0

0.0	-0.00000738	0.0

0.0	-0.00000738	0.0

0.0	-0.00000701	0.0

0.0	-0.00000668	0.0

0.0	-0.00000730	0.0

0.0	-0.00000842	0.0

0.0	-0.00000931	0.0

0.0	-0.00000948	0.0

0.0	-0.00001018	0.0

0.0	-0.00001221	0.0

0.0	-0.00001410	0.0

0.0	-0.00001390	0.0

0.0	-0.00001326	0.0

0.0	-0.00001415	0.0

0.0	-0.00001604	0.0

0.0	-0.00001680	0.0

0.0	-0.00001605	0.0

0.0	-0.00001486	0.0

0.0	-0.00001516	0.0

0.0	-0.00001675	0.0

0.0	-0.00001818	0.0

0.0	-0.00001841	0.0

0.0	-0.00001884	0.0

0.0	-0.00002032	0.0

0.0	-0.00002180	0.0

0.0	-0.00002203	0.0

0.0	-0.00002268	0.0

0.0	-0.00002409	0.0

0.0	-0.00002476	0.0

0.0	-0.00002399	0.0

0.0	-0.00002307	0.0

0.0	-0.00002217	0.0

0.0	-0.00002193	0.0

0.0	-0.00002154	0.0

0.0	-0.00001963	0.0

0.0	-0.00001750	0.0

0.0	-0.00001809	0.0

0.0	-0.00001967	0.0

0.0	-0.00002039	0.0

0.0	-0.00002111	0.0

0.0	-0.00002263	0.0

0.0	-0.00002288	0.0

0.0	-0.00002152	0.0

0.0	-0.00002012	0.0

0.0	-0.00002060	0.0

0.0	-0.00002156	0.0

0.0	-0.00002061	0.0

0.0	-0.00001730	0.0

0.0	-0.00001448	0.0

0.0	-0.00001365	0.0

0.0	-0.00001393	0.0

0.0	-0.00001240	0.0

0.0	-0.00001012	0.0

0.0	-0.00001015	0.0

0.0	-0.00001173	0.0

0.0	-0.00001161	0.0

0.0	-0.00001199	0.0

0.0	-0.00001459	0.0

0.0	-0.00001811	0.0

0.0	-0.00002061	0.0

0.0	-0.00002112	0.0

0.0	-0.00001946	0.0

0.0	-0.00002065	0.0

0.0	-0.00002543	0.0

0.0	-0.00002802	0.0

0.0	-0.00002647	0.0

0.0	-0.00002541	0.0

0.0	-0.00002506	0.0

0.0	-0.00002448	0.0

0.0	-0.00002417	0.0

0.0	-0.00002475	0.0

0.0	-0.00002515	0.0

0.0	-0.00002564	0.0

0.0	-0.00002514	0.0

0.0	-0.00002408	0.0

0.0	-0.00002460	0.0

0.0	-0.00002844	0.0

0.0	-0.00003165	0.0

0.0	-0.00003112	0.0

0.0	-0.00002892	0.0

0.0	-0.00002929	0.0

0.0	-0.00002939	0.0

0.0	-0.00002725	0.0

0.0	-0.00002503	0.0

0.0	-0.00002404	0.0

0.0	-0.00002277	0.0

0.0	-0.00002283	0.0

0.0	-0.00002368	0.0

0.0	-0.00002561	0.0

0.0	-0.00002972	0.0

0.0	-0.00003392	0.0

0.0	-0.00003378	0.0

0.0	-0.00003436	0.0

0.0	-0.00003992	0.0

0.0	-0.00004588	0.0

0.0	-0.00004635	0.0

0.0	-0.00004384	0.0

0.0	-0.00004089	0.0

0.0	-0.00003854	0.0

0.0	-0.00003598	0.0

0.0	-0.00003404	0.0

0.0	-0.00003257	0.0

0.0	-0.00003329	0.0

0.0	-0.00003545	0.0

0.0	-0.00003689	0.0

0.0	-0.00003776	0.0

0.0	-0.00004424	0.0

0.0	-0.00005499	0.0

0.0	-0.00006339	0.0

0.0	-0.00006767	0.0

0.0	-0.00007232	0.0

0.0	-0.00007583	0.0

0.0	-0.00007776	0.0

0.0	-0.00007848	0.0

0.0	-0.00007676	0.0

0.0	-0.00007094	0.0

0.0	-0.00006439	0.0

0.0	-0.00005807	0.0

0.0	-0.00005486	0.0

0.0	-0.00005610	0.0

0.0	-0.00005946	0.0

0.0	-0.00005943	0.0

0.0	-0.00005921	0.0

0.0	-0.00006460	0.0

0.0	-0.00007590	0.0

0.0	-0.00008463	0.0

0.0	-0.00008821	0.0

0.0	-0.00009008	0.0

0.0	-0.00009392	0.0

0.0	-0.00009645	0.0

0.0	-0.00009520	0.0

0.0	-0.00008849	0.0

0.0	-0.00008248	0.0

0.0	-0.00007923	0.0

0.0	-0.00007112	0.0

0.0	-0.00005619	0.0

0.0	-0.00005037	0.0

0.0	-0.00005678	0.0

0.0	-0.00006461	0.0

0.0	-0.00006784	0.0

0.0	-0.00007074	0.0

0.0	-0.00007602	0.0

0.0	-0.00008843	0.0

0.0	-0.00010161	0.0

0.0	-0.00010653	0.0

0.0	-0.00010556	0.0

0.0	-0.00010692	0.0

0.0	-0.00010632	0.0

0.0	-0.00010246	0.0

0.0	-0.00009823	0.0

0.0	-0.00009731	0.0

0.0	-0.00009471	0.0

0.0	-0.00008601	0.0

0.0	-0.00007441	0.0

0.0	-0.00007174	0.0

0.0	-0.00007649	0.0

0.0	-0.00008108	0.0

0.0	-0.00008149	0.0

0.0	-0.00008225	0.0

0.0	-0.00008717	0.0

0.0	-0.00009826	0.0

0.0	-0.00010521	0.0

0.0	-0.00010667	0.0

0.0	-0.00010849	0.0

0.0	-0.00010788	0.0

0.0	-0.00009672	0.0

0.0	-0.00008540	0.0

0.0	-0.00008246	0.0

0.0	-0.00008709	0.0

0.0	-0.00008794	0.0

0.0	-0.00007889	0.0

0.0	-0.00006767	0.0

0.0	-0.00007251	0.0

0.0	-0.00008628	0.0

0.0	-0.00009340	0.0

0.0	-0.00009461	0.0

0.0	-0.00010186	0.0

0.0	-0.00011262	0.0

0.0	-0.00012061	0.0

0.0	-0.00012057	0.0

0.0	-0.00012474	0.0

0.0	-0.00014036	0.0

0.0	-0.00015424	0.0

0.0	-0.00014696	0.0

0.0	-0.00012675	0.0

0.0	-0.00011013	0.0

0.0	-0.00010684	0.0

0.0	-0.00010729	0.0

0.0	-0.00010180	0.0

0.0	-0.00009381	0.0

0.0	-0.00010039	0.0

0.0	-0.00011471	0.0

0.0	-0.00012288	0.0

0.0	-0.00012522	0.0

0.0	-0.00013637	0.0

0.0	-0.00015311	0.0

0.0	-0.00016071	0.0

0.0	-0.00015258	0.0

0.0	-0.00015111	0.0

0.0	-0.00016286	0.0

0.0	-0.00017040	0.0

0.0	-0.00015927	0.0

0.0	-0.00014502	0.0

0.0	-0.00014025	0.0

0.0	-0.00014568	0.0

0.0	-0.00014645	0.0

0.0	-0.00014067	0.0

0.0	-0.00014235	0.0

0.0	-0.00016448	0.0

0.0	-0.00018555	0.0

0.0	-0.00019210	0.0

0.0	-0.00019499	0.0

0.0	-0.00021196	0.0

0.0	-0.00022698	0.0

0.0	-0.00022134	0.0

0.0	-0.00020225	0.0

0.0	-0.00019544	0.0

0.0	-0.00019499	0.0

0.0	-0.00018821	0.0

0.0	-0.00017009	0.0

0.0	-0.00015528	0.0

0.0	-0.00015914	0.0

0.0	-0.00018455	0.0

0.0	-0.00020026	0.0

0.0	-0.00020089	0.0

0.0	-0.00020649	0.0

0.0	-0.00022008	0.0

0.0	-0.00022361	0.0

0.0	-0.00022808	0.0

0.0	-0.00023553	0.0

0.0	-0.00024433	0.0

0.0	-0.00024641	0.0

0.0	-0.00023099	0.0

0.0	-0.00019610	0.0

0.0	-0.00017544	0.0

0.0	-0.00017267	0.0

0.0	-0.00016554	0.0

0.0	-0.00014585	0.0

0.0	-0.00013894	0.0

0.0	-0.00014840	0.0

0.0	-0.00016663	0.0

0.0	-0.00018382	0.0

0.0	-0.00021371	0.0

0.0	-0.00024914	0.0

0.0	-0.00027319	0.0

0.0	-0.00028202	0.0

0.0	-0.00029308	0.0

0.0	-0.00030940	0.0

0.0	-0.00034355	0.0

0.0	-0.00036524	0.0

0.0	-0.00034178	0.0

0.0	-0.00030154	0.0

0.0	-0.00029485	0.0

0.0	-0.00029555	0.0

0.0	-0.00030062	0.0

0.0	-0.00033045	0.0

0.0	-0.00036398	0.0

0.0	-0.00036830	0.0

0.0	-0.00036914	0.0

0.0	-0.00037197	0.0

0.0	-0.00039740	0.0

0.0	-0.00045708	0.0

0.0	-0.00050963	0.0

0.0	-0.00050594	0.0

0.0	-0.00048898	0.0

0.0	-0.00048756	0.0

0.0	-0.00048277	0.0

0.0	-0.00045177	0.0

0.0	-0.00042205	0.0

0.0	-0.00040234	0.0

0.0	-0.00038987	0.0

0.0	-0.00037524	0.0

0.0	-0.00037872	0.0

0.0	-0.00038936	0.0

0.0	-0.00040878	0.0

0.0	-0.00044745	0.0

0.0	-0.00048316	0.0

0.0	-0.00047154	0.0

0.0	-0.00047080	0.0

0.0	-0.00049822	0.0

0.0	-0.00050108	0.0

0.0	-0.00047058	0.0

0.0	-0.00045675	0.0

0.0	-0.00042807	0.0

0.0	-0.00038553	0.0

0.0	-0.00035845	0.0

0.0	-0.00033749	0.0

0.0	-0.00030224	0.0

0.0	-0.00030931	0.0

0.0	-0.00035118	0.0

0.0	-0.00040161	0.0

0.0	-0.00045392	0.0

0.0	-0.00051077	0.0

0.0	-0.00052874	0.0

0.0	-0.00053926	0.0

0.0	-0.00059309	0.0

0.0	-0.00066724	0.0

0.0	-0.00066171	0.0

0.0	-0.00060961	0.0

0.0	-0.00058316	0.0

0.0	-0.00059368	0.0

0.0	-0.00059533	0.0

0.0	-0.00060022	0.0

0.0	-0.00060357	0.0

0.0	-0.00065043	0.0

0.0	-0.00073327	0.0

0.0	-0.00075909	0.0

0.0	-0.00070243	0.0

0.0	-0.00072757	0.0

0.0	-0.00081825	0.0

0.0	-0.00083931	0.0

0.0	-0.00078240	0.0

0.0	-0.00075634	0.0

0.0	-0.00073778	0.0

0.0	-0.00070899	0.0

0.0	-0.00065879	0.0

0.0	-0.00058801	0.0

0.0	-0.00050262	0.0

0.0	-0.00049128	0.0

0.0	-0.00051502	0.0

0.0	-0.00051796	0.0

0.0	-0.00054548	0.0

0.0	-0.00071009	0.0

0.0	-0.00086327	0.0

0.0	-0.00087504	0.0

0.0	-0.00084009	0.0

0.0	-0.00088683	0.0

0.0	-0.00095167	0.0

0.0	-0.00106569	0.0

0.0	-0.00114220	0.0

0.0	-0.00107547	0.0

0.0	-0.00093857	0.0

0.0	-0.00085911	0.0

0.0	-0.00072775	0.0

0.0	-0.00066238	0.0

0.0	-0.00078871	0.0

0.0	-0.00094077	0.0

0.0	-0.00093311	0.0

0.0	-0.00094796	0.0

0.0	-0.00105469	0.0

0.0	-0.00126786	0.0

0.0	-0.00148904	0.0

0.0	-0.00164641	0.0

0.0	-0.00176901	0.0

0.0	-0.00202028	0.0

0.0	-0.00225168	0.0

0.0	-0.00228653	0.0

0.0	-0.00210901	0.0

0.0	-0.00204301	0.0

0.0	-0.00214618	0.0

0.0	-0.00213114	0.0

0.0	-0.00180948	0.0

0.0	-0.00164801	0.0

0.0	-0.00175141	0.0

0.0	-0.00189672	0.0

0.0	-0.00202118	0.0

0.0	-0.00213418	0.0

0.0	-0.00205387	0.0

0.0	-0.00218510	0.0

0.0	-0.00248936	0.0

0.0	-0.00256060	0.0

0.0	-0.00250797	0.0

0.0	-0.00280071	0.0

0.0	-0.00304008	0.0

0.0	-0.00312484	0.0

0.0	-0.00321333	0.0

0.0	-0.00327589	0.0

0.0	-0.00303802	0.0

0.0	-0.00271927	0.0

0.0	-0.00235692	0.0

0.0	-0.00232322	0.0

0.0	-0.00248896	0.0

0.0	-0.00275148	0.0

0.0	-0.00315720	0.0

0.0	-0.00408342	0.0

0.0	-0.00543134	0.0

0.0	-0.00729321	0.0

0.0	-0.00886271	0.0

0.0	-0.01010476	0.0

0.0	-0.01142134	0.0

0.0	-0.01279405	0.0

0.0	-0.01300517	0.0

0.0	-0.01269116	0.0

0.0	-0.01233075	0.0

0.0	-0.01249320	0.0

0.0	-0.01240639	0.0

0.0	-0.01017223	0.0

0.0	-0.00486429	0.0

0.0	-0.00143325	0.0

0.0	-0.00032172	0.0

0.0	 0.00238178	0.0

0.0	 0.00879222	0.0

0.0	 0.01385437	0.0

0.0	 0.01388358	0.0

0.0	 0.00526186	0.0

0.0	-0.00361892	0.0

0.0	-0.00419659	0.0

0.0	 0.00350403	0.0

0.0	 0.00341907	0.0

0.0	 0.00827676	0.0

0.0	 0.02148648	0.0

0.0	 0.11222343	0.0

0.0	 0.26043409	0.0

0.0	 0.11222343	0.0

0.0	 0.02148648	0.0

0.0	 0.00827676	0.0

0.0	 0.00341907	0.0

0.0	 0.00350403	0.0

0.0	-0.00419659	0.0

0.0	-0.00361892	0.0

0.0	 0.00526186	0.0

0.0	 0.01388358	0.0

0.0	 0.01385437	0.0

0.0	 0.00879222	0.0

0.0	 0.00238178	0.0

0.0	-0.00032172	0.0

0.0	-0.00143325	0.0

0.0	-0.00486429	0.0

0.0	-0.01017223	0.0

0.0	-0.01240639	0.0

0.0	-0.01249320	0.0

0.0	-0.01233075	0.0

0.0	-0.01269116	0.0

0.0	-0.01300517	0.0

0.0	-0.01279405	0.0

0.0	-0.01142134	0.0

0.0	-0.01010476	0.0

0.0	-0.00886271	0.0

0.0	-0.00729321	0.0

0.0	-0.00543134	0.0

0.0	-0.00408342	0.0

0.0	-0.00315720	0.0

0.0	-0.00275148	0.0

0.0	-0.00248896	0.0

0.0	-0.00232322	0.0

0.0	-0.00235692	0.0

0.0	-0.00271927	0.0

0.0	-0.00303802	0.0

0.0	-0.00327589	0.0

0.0	-0.00321333	0.0

0.0	-0.00312484	0.0

0.0	-0.00304008	0.0

0.0	-0.00280071	0.0

0.0	-0.00250797	0.0

0.0	-0.00256060	0.0

0.0	-0.00248936	0.0

0.0	-0.00218510	0.0

0.0	-0.00205387	0.0

0.0	-0.00213418	0.0

0.0	-0.00202118	0.0

0.0	-0.00189672	0.0

0.0	-0.00175141	0.0

0.0	-0.00164801	0.0

0.0	-0.00180948	0.0

0.0	-0.00213114	0.0

0.0	-0.00214618	0.0

0.0	-0.00204301	0.0

0.0	-0.00210901	0.0

0.0	-0.00228653	0.0

0.0	-0.00225168	0.0

0.0	-0.00202028	0.0

0.0	-0.00176901	0.0

0.0	-0.00164641	0.0

0.0	-0.00148904	0.0

0.0	-0.00126786	0.0

0.0	-0.00105469	0.0

0.0	-0.00094796	0.0

0.0	-0.00093311	0.0

0.0	-0.00094077	0.0

0.0	-0.00078871	0.0

0.0	-0.00066238	0.0

0.0	-0.00072775	0.0

0.0	-0.00085911	0.0

0.0	-0.00093857	0.0

0.0	-0.00107547	0.0

0.0	-0.00114220	0.0

0.0	-0.00106569	0.0

0.0	-0.00095167	0.0

0.0	-0.00088683	0.0

0.0	-0.00084009	0.0

0.0	-0.00087504	0.0

0.0	-0.00086327	0.0

0.0	-0.00071009	0.0

0.0	-0.00054548	0.0

0.0	-0.00051796	0.0

0.0	-0.00051502	0.0

0.0	-0.00049128	0.0

0.0	-0.00050262	0.0

0.0	-0.00058801	0.0

0.0	-0.00065879	0.0

0.0	-0.00070899	0.0

0.0	-0.00073778	0.0

0.0	-0.00075634	0.0

0.0	-0.00078240	0.0

0.0	-0.00083931	0.0

0.0	-0.00081825	0.0

0.0	-0.00072757	0.0

0.0	-0.00070243	0.0

0.0	-0.00075909	0.0

0.0	-0.00073327	0.0

0.0	-0.00065043	0.0

0.0	-0.00060357	0.0

0.0	-0.00060022	0.0

0.0	-0.00059533	0.0

0.0	-0.00059368	0.0

0.0	-0.00058316	0.0

0.0	-0.00060961	0.0

0.0	-0.00066171	0.0

0.0	-0.00066724	0.0

0.0	-0.00059309	0.0

0.0	-0.00053926	0.0

0.0	-0.00052874	0.0

0.0	-0.00051077	0.0

0.0	-0.00045392	0.0

0.0	-0.00040161	0.0

0.0	-0.00035118	0.0

0.0	-0.00030931	0.0

0.0	-0.00030224	0.0

0.0	-0.00033749	0.0

0.0	-0.00035845	0.0

0.0	-0.00038553	0.0

0.0	-0.00042807	0.0

0.0	-0.00045675	0.0

0.0	-0.00047058	0.0

0.0	-0.00050108	0.0

0.0	-0.00049822	0.0

0.0	-0.00047080	0.0

0.0	-0.00047154	0.0

0.0	-0.00048316	0.0

0.0	-0.00044745	0.0

0.0	-0.00040878	0.0

0.0	-0.00038936	0.0

0.0	-0.00037872	0.0

0.0	-0.00037524	0.0

0.0	-0.00038987	0.0

0.0	-0.00040234	0.0

0.0	-0.00042205	0.0

0.0	-0.00045177	0.0

0.0	-0.00048277	0.0

0.0	-0.00048756	0.0

0.0	-0.00048898	0.0

0.0	-0.00050594	0.0

0.0	-0.00050963	0.0

0.0	-0.00045708	0.0

0.0	-0.00039740	0.0

0.0	-0.00037197	0.0

0.0	-0.00036914	0.0

0.0	-0.00036830	0.0

0.0	-0.00036398	0.0

0.0	-0.00033045	0.0

0.0	-0.00030062	0.0

0.0	-0.00029555	0.0

0.0	-0.00029485	0.0

0.0	-0.00030154	0.0

0.0	-0.00034178	0.0

0.0	-0.00036524	0.0

0.0	-0.00034355	0.0

0.0	-0.00030940	0.0

0.0	-0.00029308	0.0

0.0	-0.00028202	0.0

0.0	-0.00027319	0.0

0.0	-0.00024914	0.0

0.0	-0.00021371	0.0

0.0	-0.00018382	0.0

0.0	-0.00016663	0.0

0.0	-0.00014840	0.0

0.0	-0.00013894	0.0

0.0	-0.00014585	0.0

0.0	-0.00016554	0.0

0.0	-0.00017267	0.0

0.0	-0.00017544	0.0

0.0	-0.00019610	0.0

0.0	-0.00023099	0.0

0.0	-0.00024641	0.0

0.0	-0.00024433	0.0

0.0	-0.00023553	0.0

0.0	-0.00022808	0.0

0.0	-0.00022361	0.0

0.0	-0.00022008	0.0

0.0	-0.00020649	0.0

0.0	-0.00020089	0.0

0.0	-0.00020026	0.0

0.0	-0.00018455	0.0

0.0	-0.00015914	0.0

0.0	-0.00015528	0.0

0.0	-0.00017009	0.0

0.0	-0.00018821	0.0

0.0	-0.00019499	0.0

0.0	-0.00019544	0.0

0.0	-0.00020225	0.0

0.0	-0.00022134	0.0

0.0	-0.00022698	0.0

0.0	-0.00021196	0.0

0.0	-0.00019499	0.0

0.0	-0.00019210	0.0

0.0	-0.00018555	0.0

0.0	-0.00016448	0.0

0.0	-0.00014235	0.0

0.0	-0.00014067	0.0

0.0	-0.00014645	0.0

0.0	-0.00014568	0.0

0.0	-0.00014025	0.0

0.0	-0.00014502	0.0

0.0	-0.00015927	0.0

0.0	-0.00017040	0.0

0.0	-0.00016286	0.0

0.0	-0.00015111	0.0

0.0	-0.00015258	0.0

0.0	-0.00016071	0.0

0.0	-0.00015311	0.0

0.0	-0.00013637	0.0

0.0	-0.00012522	0.0

0.0	-0.00012288	0.0

0.0	-0.00011471	0.0

0.0	-0.00010039	0.0

0.0	-0.00009381	0.0

0.0	-0.00010180	0.0

0.0	-0.00010729	0.0

0.0	-0.00010684	0.0

0.0	-0.00011013	0.0

0.0	-0.00012675	0.0

0.0	-0.00014696	0.0

0.0	-0.00015424	0.0

0.0	-0.00014036	0.0

0.0	-0.00012474	0.0

0.0	-0.00012057	0.0

0.0	-0.00012061	0.0

0.0	-0.00011262	0.0

0.0	-0.00010186	0.0

0.0	-0.00009461	0.0

0.0	-0.00009340	0.0

0.0	-0.00008628	0.0

0.0	-0.00007251	0.0

0.0	-0.00006767	0.0

0.0	-0.00007889	0.0

0.0	-0.00008794	0.0

0.0	-0.00008709	0.0

0.0	-0.00008246	0.0

0.0	-0.00008540	0.0

0.0	-0.00009672	0.0

0.0	-0.00010788	0.0

0.0	-0.00010849	0.0

0.0	-0.00010667	0.0

0.0	-0.00010521	0.0

0.0	-0.00009826	0.0

0.0	-0.00008717	0.0

0.0	-0.00008225	0.0

0.0	-0.00008149	0.0

0.0	-0.00008108	0.0

0.0	-0.00007649	0.0

0.0	-0.00007174	0.0

0.0	-0.00007441	0.0

0.0	-0.00008601	0.0

0.0	-0.00009471	0.0

0.0	-0.00009731	0.0

0.0	-0.00009823	0.0

0.0	-0.00010246	0.0

0.0	-0.00010632	0.0

0.0	-0.00010692	0.0

0.0	-0.00010556	0.0

0.0	-0.00010653	0.0

0.0	-0.00010161	0.0

0.0	-0.00008843	0.0

0.0	-0.00007602	0.0

0.0	-0.00007074	0.0

0.0	-0.00006784	0.0

0.0	-0.00006461	0.0

0.0	-0.00005678	0.0

0.0	-0.00005037	0.0

0.0	-0.00005619	0.0

0.0	-0.00007112	0.0

0.0	-0.00007923	0.0

0.0	-0.00008248	0.0

0.0	-0.00008849	0.0

0.0	-0.00009520	0.0

0.0	-0.00009645	0.0

0.0	-0.00009392	0.0

0.0	-0.00009008	0.0

0.0	-0.00008821	0.0

0.0	-0.00008463	0.0

0.0	-0.00007590	0.0

0.0	-0.00006460	0.0

0.0	-0.00005921	0.0

0.0	-0.00005943	0.0

0.0	-0.00005946	0.0

0.0	-0.00005610	0.0

0.0	-0.00005486	0.0

0.0	-0.00005807	0.0

0.0	-0.00006439	0.0

0.0	-0.00007094	0.0

0.0	-0.00007676	0.0

0.0	-0.00007848	0.0

0.0	-0.00007776	0.0

0.0	-0.00007583	0.0

0.0	-0.00007232	0.0

0.0	-0.00006767	0.0

0.0	-0.00006339	0.0

0.0	-0.00005499	0.0

0.0	-0.00004424	0.0

0.0	-0.00003776	0.0

0.0	-0.00003689	0.0

0.0	-0.00003545	0.0

0.0	-0.00003329	0.0

0.0	-0.00003257	0.0

0.0	-0.00003404	0.0

0.0	-0.00003598	0.0

0.0	-0.00003854	0.0

0.0	-0.00004089	0.0

0.0	-0.00004384	0.0

0.0	-0.00004635	0.0

0.0	-0.00004588	0.0

0.0	-0.00003992	0.0

0.0	-0.00003436	0.0

0.0	-0.00003378	0.0

0.0	-0.00003392	0.0

0.0	-0.00002972	0.0

0.0	-0.00002561	0.0

0.0	-0.00002368	0.0

0.0	-0.00002283	0.0

0.0	-0.00002277	0.0

0.0	-0.00002404	0.0

0.0	-0.00002503	0.0

0.0	-0.00002725	0.0

0.0	-0.00002939	0.0

0.0	-0.00002929	0.0

0.0	-0.00002892	0.0

0.0	-0.00003112	0.0

0.0	-0.00003165	0.0

0.0	-0.00002844	0.0

0.0	-0.00002460	0.0

0.0	-0.00002408	0.0

0.0	-0.00002514	0.0

0.0	-0.00002564	0.0

0.0	-0.00002515	0.0

0.0	-0.00002475	0.0

0.0	-0.00002417	0.0

0.0	-0.00002448	0.0

0.0	-0.00002506	0.0

0.0	-0.00002541	0.0

0.0	-0.00002647	0.0

0.0	-0.00002802	0.0

0.0	-0.00002543	0.0

0.0	-0.00002065	0.0

0.0	-0.00001946	0.0

0.0	-0.00002112	0.0

0.0	-0.00002061	0.0

0.0	-0.00001811	0.0

0.0	-0.00001459	0.0

0.0	-0.00001199	0.0

0.0	-0.00001161	0.0

0.0	-0.00001173	0.0

0.0	-0.00001015	0.0

0.0	-0.00001012	0.0

0.0	-0.00001240	0.0

0.0	-0.00001393	0.0

0.0	-0.00001365	0.0

0.0	-0.00001448	0.0

0.0	-0.00001730	0.0

0.0	-0.00002061	0.0

0.0	-0.00002156	0.0

0.0	-0.00002060	0.0

0.0	-0.00002012	0.0

0.0	-0.00002152	0.0

0.0	-0.00002288	0.0

0.0	-0.00002263	0.0

0.0	-0.00002111	0.0

0.0	-0.00002039	0.0

0.0	-0.00001967	0.0

0.0	-0.00001809	0.0

0.0	-0.00001750	0.0

0.0	-0.00001963	0.0

0.0	-0.00002154	0.0

0.0	-0.00002193	0.0

0.0	-0.00002217	0.0

0.0	-0.00002307	0.0

0.0	-0.00002399	0.0

0.0	-0.00002476	0.0

0.0	-0.00002409	0.0

0.0	-0.00002268	0.0

0.0	-0.00002203	0.0

0.0	-0.00002180	0.0

0.0	-0.00002032	0.0

0.0	-0.00001884	0.0

0.0	-0.00001841	0.0

0.0	-0.00001818	0.0

0.0	-0.00001675	0.0

0.0	-0.00001516	0.0

0.0	-0.00001486	0.0

0.0	-0.00001605	0.0

0.0	-0.00001680	0.0

0.0	-0.00001604	0.0

0.0	-0.00001415	0.0

0.0	-0.00001326	0.0

0.0	-0.00001390	0.0

0.0	-0.00001410	0.0

0.0	-0.00001221	0.0

0.0	-0.00001018	0.0

0.0	-0.00000948	0.0

0.0	-0.00000931	0.0

0.0	-0.00000842	0.0

0.0	-0.00000730	0.0

0.0	-0.00000668	0.0

0.0	-0.00000701	0.0

0.0	-0.00000738	0.0

0.0	-0.00000738	0.0

0.0	-0.00000787	0.0

0.0	-0.00000947	0.0

0.0	-0.00001054	0.0

0.0	-0.00001025	0.0

0.0	-0.00000960	0.0

0.0	-0.00001009	0.0

0.0	-0.00001111	0.0

0.0	-0.00001171	0.0

0.0	-0.00001178	0.0

0.0	-0.00001167	0.0

0.0	-0.00001104	0.0

0.0	-0.00001026	0.0

0.0	-0.00000969	0.0

0.0	-0.00000944	0.0

0.0	-0.00000929	0.0

0.0	-0.00000903	0.0

0.0	-0.00000795	0.0

0.0	-0.00000671	0.0

0.0	-0.00000629	0.0

0.0	-0.00000657	0.0

0.0	-0.00000667	0.0

0.0	-0.00000645	0.0

0.0	-0.00000575	0.0

0.0	-0.00000512	0.0

0.0	-0.00000485	0.0

0.0	-0.00000481	0.0

0.0	-0.00000479	0.0

0.0	-0.00000501	0.0

0.0	-0.00000499	0.0

0.0	-0.00000461	0.0

0.0	-0.00000421	0.0

0.0	-0.00000420	0.0

0.0	-0.00000461	0.0

0.0	-0.00000514	0.0

0.0	-0.00000492	0.0

0.0	-0.00000422	0.0

0.0	-0.00000388	0.0

0.0	-0.00000411	0.0

0.0	-0.00000446	0.0

0.0	-0.00000486	0.0

0.0	-0.00000527	0.0

0.0	-0.00000571	0.0

0.0	-0.00000580	0.0

0.0	-0.00000559	0.0

0.0	-0.00000552	0.0

0.0	-0.00000585	0.0

0.0	-0.00000602	0.0

0.0	-0.00000601	0.0

0.0	-0.00000608	0.0

0.0	-0.00000628	0.0

0.0	-0.00000644	0.0

0.0	-0.00000649	0.0

0.0	-0.00000622	0.0

0.0	-0.00000598	0.0

0.0	-0.00000578	0.0

0.0	-0.00000546	0.0

0.0	-0.00000519	0.0

0.0	-0.00000530	0.0

0.0	-0.00000534	0.0

0.0	-0.00000514	0.0

0.0	-0.00000478	0.0

0.0	-0.00000447	0.0

0.0	-0.00000433	0.0

0.0	-0.00000434	0.0

0.0	-0.00000406	0.0

0.0	-0.00000360	0.0

0.0	-0.00000327	0.0

0.0	-0.00000314	0.0

0.0	-0.00000303	0.0

0.0	-0.00000296	0.0

0.0	-0.00000287	0.0

0.0	-0.00000282	0.0

0.0	-0.00000279	0.0

0.0	-0.00000283	0.0

0.0	-0.00000285	0.0

0.0	-0.00000289	0.0

0.0	-0.00000289	0.0

0.0	-0.00000294	0.0

0.0	-0.00000294	0.0

0.0	-0.00000302	0.0

0.0	-0.00000332	0.0

0.0	-0.00000374	0.0

0.0	-0.00000391	0.0

0.0	-0.00000395	0.0

0.0	-0.00000393	0.0

0.0	-0.00000390	0.0

0.0	-0.00000393	0.0

0.0	-0.00000412	0.0

0.0	-0.00000429	0.0

0.0	-0.00000438	0.0

0.0	-0.00000427	0.0

0.0	-0.00000399	0.0

0.0	-0.00000383	0.0

0.0	-0.00000406	0.0

0.0	-0.00000423	0.0

0.0	-0.00000406	0.0

0.0	-0.00000372	0.0

0.0	-0.00000357	0.0

0.0	-0.00000348	0.0

0.0	-0.00000340	0.0

0.0	-0.00000347	0.0

0.0	-0.00000363	0.0

0.0	-0.00000350	0.0

0.0	-0.00000315	0.0

0.0	-0.00000279	0.0

0.0	-0.00000262	0.0

0.0	-0.00000273	0.0

0.0	-0.00000295	0.0

0.0	-0.00000276	0.0

0.0	-0.00000242	0.0

